(kicad_pcb (version 20171130) (host pcbnew "(5.0.1)-4")

  (general
    (thickness 1.6)
    (drawings 4)
    (tracks 288)
    (zones 0)
    (modules 62)
    (nets 135)
  )

  (page A4)
  (layers
    (0 F.Cu signal)
    (31 B.Cu signal)
    (33 F.Adhes user)
    (35 F.Paste user)
    (37 F.SilkS user)
    (39 F.Mask user)
    (40 Dwgs.User user)
    (41 Cmts.User user)
    (42 Eco1.User user)
    (43 Eco2.User user)
    (44 Edge.Cuts user)
    (45 Margin user)
    (46 B.CrtYd user)
    (47 F.CrtYd user)
    (49 F.Fab user)
  )

  (setup
    (last_trace_width 0.25)
    (user_trace_width 0.15)
    (trace_clearance 0.127)
    (zone_clearance 0.508)
    (zone_45_only no)
    (trace_min 0.0889)
    (segment_width 0.2)
    (edge_width 0.15)
    (via_size 0.8)
    (via_drill 0.4)
    (via_min_size 0.45)
    (via_min_drill 0.2)
    (user_via 0.45 0.2)
    (uvia_size 0.3)
    (uvia_drill 0.1)
    (uvias_allowed no)
    (uvia_min_size 0.2)
    (uvia_min_drill 0.1)
    (pcb_text_width 0.3)
    (pcb_text_size 1.5 1.5)
    (mod_edge_width 0.15)
    (mod_text_size 1 1)
    (mod_text_width 0.15)
    (pad_size 1.524 1.524)
    (pad_drill 0.762)
    (pad_to_mask_clearance 0.051)
    (solder_mask_min_width 0.25)
    (aux_axis_origin 0 0)
    (visible_elements 7FFFFFDF)
    (pcbplotparams
      (layerselection 0x010fc_ffffffff)
      (usegerberextensions false)
      (usegerberattributes false)
      (usegerberadvancedattributes false)
      (creategerberjobfile false)
      (excludeedgelayer true)
      (linewidth 0.100000)
      (plotframeref false)
      (viasonmask false)
      (mode 1)
      (useauxorigin false)
      (hpglpennumber 1)
      (hpglpenspeed 20)
      (hpglpendiameter 15.000000)
      (psnegative false)
      (psa4output false)
      (plotreference true)
      (plotvalue true)
      (plotinvisibletext false)
      (padsonsilk false)
      (subtractmaskfromsilk false)
      (outputformat 1)
      (mirror false)
      (drillshape 1)
      (scaleselection 1)
      (outputdirectory ""))
  )

  (net 0 "")
  (net 1 +1V8)
  (net 2 +3V3)
  (net 3 GND)
  (net 4 "Net-(C3-Pad2)")
  (net 5 PLL_AVSS)
  (net 6 "Net-(C12-Pad1)")
  (net 7 "Net-(J1-PadA1)")
  (net 8 CLKIN)
  (net 9 CLKOUT)
  (net 10 GPIO1)
  (net 11 GPIO2)
  (net 12 GPIO3)
  (net 13 GPIO4)
  (net 14 "Net-(J1-PadA12)")
  (net 15 "Net-(J1-PadA13)")
  (net 16 "Net-(J1-PadA14)")
  (net 17 "Net-(J1-PadA17)")
  (net 18 "Net-(J1-PadA18)")
  (net 19 "Net-(J1-PadA19)")
  (net 20 "Net-(J1-PadA20)")
  (net 21 JTAG_TRST)
  (net 22 JTAG_TDI)
  (net 23 JTAG_TDO)
  (net 24 JTAG_TMS)
  (net 25 JTAG_TCK)
  (net 26 "Net-(J1-PadB7)")
  (net 27 "Net-(J1-PadB8)")
  (net 28 "Net-(J1-PadB11)")
  (net 29 "Net-(J1-PadB12)")
  (net 30 "Net-(J1-PadB13)")
  (net 31 "Net-(J1-PadB14)")
  (net 32 "Net-(J1-PadB15)")
  (net 33 "Net-(J1-PadB16)")
  (net 34 "Net-(J1-PadB17)")
  (net 35 "Net-(J1-PadB18)")
  (net 36 "Net-(J1-PadB19)")
  (net 37 "Net-(J1-PadB20)")
  (net 38 VCC_CLEAN)
  (net 39 "Net-(J1-PadC6)")
  (net 40 LED1)
  (net 41 LED2)
  (net 42 "Net-(J2-Pad2)")
  (net 43 XTAL_XO)
  (net 44 XTAL_XI)
  (net 45 "Net-(R3-Pad1)")
  (net 46 FLASH_S)
  (net 47 FLASH_IO1)
  (net 48 FLASH_IO2)
  (net 49 FLASH_IO0)
  (net 50 FLASH_SCK)
  (net 51 FLASH_IO3)
  (net 52 "Net-(U2-Pad1)")
  (net 53 "Net-(C2-Pad2)")
  (net 54 "Net-(C2-Pad1)")
  (net 55 "Net-(C3-Pad1)")
  (net 56 "Net-(C6-Pad2)")
  (net 57 "Net-(C7-Pad1)")
  (net 58 "Net-(C15-Pad1)")
  (net 59 "Net-(C16-Pad1)")
  (net 60 "Net-(C20-Pad1)")
  (net 61 "Net-(C21-Pad1)")
  (net 62 DM)
  (net 63 DP)
  (net 64 UFO.RST)
  (net 65 "Net-(J1-PadC11)")
  (net 66 "Net-(J1-PadC13)")
  (net 67 "Net-(J1-PadC15)")
  (net 68 "Net-(J3-Pad4)")
  (net 69 "Net-(J3-Pad1)")
  (net 70 FTDI.JTAG_TMS)
  (net 71 FTDI.RESET)
  (net 72 FTDI.JTAG_TDI)
  (net 73 FTDI.UART_TX)
  (net 74 TX)
  (net 75 FTDI.UART_RX)
  (net 76 RX)
  (net 77 FTDI.JTAG_TDO)
  (net 78 FTDI.JTAG_TCK)
  (net 79 "Net-(R6-Pad2)")
  (net 80 "Net-(R7-Pad1)")
  (net 81 "Net-(R10-Pad2)")
  (net 82 "Net-(U3-Pad1)")
  (net 83 "Net-(U4-Pad17)")
  (net 84 "Net-(U4-Pad20)")
  (net 85 "Net-(U4-Pad21)")
  (net 86 "Net-(U4-Pad22)")
  (net 87 "Net-(U4-Pad25)")
  (net 88 "Net-(U4-Pad26)")
  (net 89 "Net-(U4-Pad27)")
  (net 90 "Net-(U4-Pad28)")
  (net 91 "Net-(U4-Pad29)")
  (net 92 "Net-(U4-Pad31)")
  (net 93 "Net-(U4-Pad33)")
  (net 94 "Net-(U4-Pad34)")
  (net 95 "Net-(U4-Pad35)")
  (net 96 "Net-(U4-Pad36)")
  (net 97 "Net-(U4-Pad37)")
  (net 98 "Net-(U4-Pad40)")
  (net 99 "Net-(U4-Pad42)")
  (net 100 "Net-(U5-Pad21)")
  (net 101 "Net-(U5-Pad23)")
  (net 102 "Net-(U5-Pad24)")
  (net 103 "Net-(U5-Pad26)")
  (net 104 "Net-(U5-Pad27)")
  (net 105 "Net-(U5-Pad28)")
  (net 106 "Net-(U5-Pad29)")
  (net 107 "Net-(U5-Pad30)")
  (net 108 "Net-(U5-Pad32)")
  (net 109 "Net-(U5-Pad33)")
  (net 110 "Net-(U5-Pad34)")
  (net 111 "Net-(U5-Pad36)")
  (net 112 "Net-(U5-Pad40)")
  (net 113 "Net-(U5-Pad41)")
  (net 114 "Net-(U5-Pad43)")
  (net 115 "Net-(U5-Pad44)")
  (net 116 "Net-(U5-Pad45)")
  (net 117 "Net-(U5-Pad46)")
  (net 118 "Net-(U5-Pad48)")
  (net 119 "Net-(U5-Pad52)")
  (net 120 "Net-(U5-Pad53)")
  (net 121 "Net-(U5-Pad54)")
  (net 122 "Net-(U5-Pad55)")
  (net 123 "Net-(U5-Pad57)")
  (net 124 "Net-(U5-Pad58)")
  (net 125 "Net-(U5-Pad59)")
  (net 126 "Net-(U5-Pad60)")
  (net 127 "Net-(U5-Pad61)")
  (net 128 "Net-(U5-Pad62)")
  (net 129 "Net-(U5-Pad63)")
  (net 130 "Net-(J1-PadB2)")
  (net 131 "Net-(J1-PadB3)")
  (net 132 "Net-(J1-PadB4)")
  (net 133 "Net-(J1-PadB5)")
  (net 134 "Net-(J1-PadB6)")

  (net_class Default "This is the default net class."
    (clearance 0.127)
    (trace_width 0.25)
    (via_dia 0.8)
    (via_drill 0.4)
    (uvia_dia 0.3)
    (uvia_drill 0.1)
    (add_net +1V8)
    (add_net +3V3)
    (add_net CLKIN)
    (add_net CLKOUT)
    (add_net DM)
    (add_net DP)
    (add_net FLASH_IO0)
    (add_net FLASH_IO1)
    (add_net FLASH_IO2)
    (add_net FLASH_IO3)
    (add_net FLASH_S)
    (add_net FLASH_SCK)
    (add_net FTDI.JTAG_TCK)
    (add_net FTDI.JTAG_TDI)
    (add_net FTDI.JTAG_TDO)
    (add_net FTDI.JTAG_TMS)
    (add_net FTDI.RESET)
    (add_net FTDI.UART_RX)
    (add_net FTDI.UART_TX)
    (add_net GND)
    (add_net GPIO1)
    (add_net GPIO2)
    (add_net GPIO3)
    (add_net GPIO4)
    (add_net JTAG_TCK)
    (add_net JTAG_TDI)
    (add_net JTAG_TDO)
    (add_net JTAG_TMS)
    (add_net JTAG_TRST)
    (add_net LED1)
    (add_net LED2)
    (add_net "Net-(C12-Pad1)")
    (add_net "Net-(C15-Pad1)")
    (add_net "Net-(C16-Pad1)")
    (add_net "Net-(C2-Pad1)")
    (add_net "Net-(C2-Pad2)")
    (add_net "Net-(C20-Pad1)")
    (add_net "Net-(C21-Pad1)")
    (add_net "Net-(C3-Pad1)")
    (add_net "Net-(C3-Pad2)")
    (add_net "Net-(C6-Pad2)")
    (add_net "Net-(C7-Pad1)")
    (add_net "Net-(J1-PadA1)")
    (add_net "Net-(J1-PadA12)")
    (add_net "Net-(J1-PadA13)")
    (add_net "Net-(J1-PadA14)")
    (add_net "Net-(J1-PadA17)")
    (add_net "Net-(J1-PadA18)")
    (add_net "Net-(J1-PadA19)")
    (add_net "Net-(J1-PadA20)")
    (add_net "Net-(J1-PadB11)")
    (add_net "Net-(J1-PadB12)")
    (add_net "Net-(J1-PadB13)")
    (add_net "Net-(J1-PadB14)")
    (add_net "Net-(J1-PadB15)")
    (add_net "Net-(J1-PadB16)")
    (add_net "Net-(J1-PadB17)")
    (add_net "Net-(J1-PadB18)")
    (add_net "Net-(J1-PadB19)")
    (add_net "Net-(J1-PadB2)")
    (add_net "Net-(J1-PadB20)")
    (add_net "Net-(J1-PadB3)")
    (add_net "Net-(J1-PadB4)")
    (add_net "Net-(J1-PadB5)")
    (add_net "Net-(J1-PadB6)")
    (add_net "Net-(J1-PadB7)")
    (add_net "Net-(J1-PadB8)")
    (add_net "Net-(J1-PadC11)")
    (add_net "Net-(J1-PadC13)")
    (add_net "Net-(J1-PadC15)")
    (add_net "Net-(J1-PadC6)")
    (add_net "Net-(J2-Pad2)")
    (add_net "Net-(J3-Pad1)")
    (add_net "Net-(J3-Pad4)")
    (add_net "Net-(R10-Pad2)")
    (add_net "Net-(R3-Pad1)")
    (add_net "Net-(R6-Pad2)")
    (add_net "Net-(R7-Pad1)")
    (add_net "Net-(U2-Pad1)")
    (add_net "Net-(U3-Pad1)")
    (add_net "Net-(U4-Pad17)")
    (add_net "Net-(U4-Pad20)")
    (add_net "Net-(U4-Pad21)")
    (add_net "Net-(U4-Pad22)")
    (add_net "Net-(U4-Pad25)")
    (add_net "Net-(U4-Pad26)")
    (add_net "Net-(U4-Pad27)")
    (add_net "Net-(U4-Pad28)")
    (add_net "Net-(U4-Pad29)")
    (add_net "Net-(U4-Pad31)")
    (add_net "Net-(U4-Pad33)")
    (add_net "Net-(U4-Pad34)")
    (add_net "Net-(U4-Pad35)")
    (add_net "Net-(U4-Pad36)")
    (add_net "Net-(U4-Pad37)")
    (add_net "Net-(U4-Pad40)")
    (add_net "Net-(U4-Pad42)")
    (add_net "Net-(U5-Pad21)")
    (add_net "Net-(U5-Pad23)")
    (add_net "Net-(U5-Pad24)")
    (add_net "Net-(U5-Pad26)")
    (add_net "Net-(U5-Pad27)")
    (add_net "Net-(U5-Pad28)")
    (add_net "Net-(U5-Pad29)")
    (add_net "Net-(U5-Pad30)")
    (add_net "Net-(U5-Pad32)")
    (add_net "Net-(U5-Pad33)")
    (add_net "Net-(U5-Pad34)")
    (add_net "Net-(U5-Pad36)")
    (add_net "Net-(U5-Pad40)")
    (add_net "Net-(U5-Pad41)")
    (add_net "Net-(U5-Pad43)")
    (add_net "Net-(U5-Pad44)")
    (add_net "Net-(U5-Pad45)")
    (add_net "Net-(U5-Pad46)")
    (add_net "Net-(U5-Pad48)")
    (add_net "Net-(U5-Pad52)")
    (add_net "Net-(U5-Pad53)")
    (add_net "Net-(U5-Pad54)")
    (add_net "Net-(U5-Pad55)")
    (add_net "Net-(U5-Pad57)")
    (add_net "Net-(U5-Pad58)")
    (add_net "Net-(U5-Pad59)")
    (add_net "Net-(U5-Pad60)")
    (add_net "Net-(U5-Pad61)")
    (add_net "Net-(U5-Pad62)")
    (add_net "Net-(U5-Pad63)")
    (add_net PLL_AVSS)
    (add_net RX)
    (add_net TX)
    (add_net UFO.RST)
    (add_net VCC_CLEAN)
    (add_net XTAL_XI)
    (add_net XTAL_XO)
  )

  (module Package_DFN_QFN:QFN-48-1EP_6x6mm_P0.4mm_EP4.66x4.66mm_ThermalVias (layer F.Cu) (tedit 5A65C6D4) (tstamp 5C13C657)
    (at 114.808 67.818 180)
    (descr "48-Lead Plastic Quad Flat, No Lead Package - 6x6 mm Body [QFN] with thermal vias; see figure 7.2 of https://static.dev.sifive.com/SiFive-FE310-G000-datasheet-v1.0.4.pdf")
    (tags "QFN 0.4")
    (path /5C02BF31)
    (attr smd)
    (fp_text reference U4 (at 0 -4.25 180) (layer F.SilkS)
      (effects (font (size 1 1) (thickness 0.15)))
    )
    (fp_text value FE310-G000 (at 0 4.25 180) (layer F.Fab)
      (effects (font (size 1 1) (thickness 0.15)))
    )
    (fp_text user %R (at 0 0 180) (layer F.Fab)
      (effects (font (size 0.65 0.65) (thickness 0.125)))
    )
    (fp_line (start 3 3) (end -3 3) (layer F.Fab) (width 0.1))
    (fp_line (start -3 3) (end -3 -2) (layer F.Fab) (width 0.1))
    (fp_line (start -3 -2) (end -2 -3) (layer F.Fab) (width 0.1))
    (fp_line (start -2 -3) (end 3 -3) (layer F.Fab) (width 0.1))
    (fp_line (start 3 -3) (end 3 3) (layer F.Fab) (width 0.1))
    (fp_line (start -3.5 -3.5) (end -3.5 3.5) (layer F.CrtYd) (width 0.05))
    (fp_line (start -3.5 3.5) (end 3.5 3.5) (layer F.CrtYd) (width 0.05))
    (fp_line (start 3.5 3.5) (end 3.5 -3.5) (layer F.CrtYd) (width 0.05))
    (fp_line (start 3.5 -3.5) (end -3.5 -3.5) (layer F.CrtYd) (width 0.05))
    (fp_line (start 2.56 -3.125) (end 3.125 -3.125) (layer F.SilkS) (width 0.12))
    (fp_line (start 3.125 -3.125) (end 3.125 -2.56) (layer F.SilkS) (width 0.12))
    (fp_line (start -2.56 3.125) (end -3.125 3.125) (layer F.SilkS) (width 0.12))
    (fp_line (start -3.125 3.125) (end -3.125 2.56) (layer F.SilkS) (width 0.12))
    (fp_line (start 2.56 3.125) (end 3.125 3.125) (layer F.SilkS) (width 0.12))
    (fp_line (start 3.125 3.125) (end 3.125 2.56) (layer F.SilkS) (width 0.12))
    (fp_line (start -3.125 -3.125) (end -2.56 -3.125) (layer F.SilkS) (width 0.12))
    (pad 1 smd rect (at -2.925 -2.2 180) (size 0.65 0.2) (layers F.Cu F.Paste F.Mask)
      (net 51 FLASH_IO3))
    (pad 2 smd rect (at -2.925 -1.8 180) (size 0.65 0.2) (layers F.Cu F.Paste F.Mask)
      (net 48 FLASH_IO2))
    (pad 3 smd rect (at -2.925 -1.4 180) (size 0.65 0.2) (layers F.Cu F.Paste F.Mask)
      (net 47 FLASH_IO1))
    (pad 4 smd rect (at -2.925 -1 180) (size 0.65 0.2) (layers F.Cu F.Paste F.Mask)
      (net 49 FLASH_IO0))
    (pad 5 smd rect (at -2.925 -0.6 180) (size 0.65 0.2) (layers F.Cu F.Paste F.Mask)
      (net 46 FLASH_S))
    (pad 6 smd rect (at -2.925 -0.2 180) (size 0.65 0.2) (layers F.Cu F.Paste F.Mask)
      (net 38 VCC_CLEAN))
    (pad 7 smd rect (at -2.925 0.2 180) (size 0.65 0.2) (layers F.Cu F.Paste F.Mask)
      (net 6 "Net-(C12-Pad1)"))
    (pad 8 smd rect (at -2.925 0.6 180) (size 0.65 0.2) (layers F.Cu F.Paste F.Mask)
      (net 5 PLL_AVSS))
    (pad 9 smd rect (at -2.925 1 180) (size 0.65 0.2) (layers F.Cu F.Paste F.Mask)
      (net 44 XTAL_XI))
    (pad 10 smd rect (at -2.925 1.4 180) (size 0.65 0.2) (layers F.Cu F.Paste F.Mask)
      (net 43 XTAL_XO))
    (pad 11 smd rect (at -2.925 1.8 180) (size 0.65 0.2) (layers F.Cu F.Paste F.Mask)
      (net 2 +3V3))
    (pad 12 smd rect (at -2.925 2.2 180) (size 0.65 0.2) (layers F.Cu F.Paste F.Mask)
      (net 2 +3V3))
    (pad 13 smd rect (at -2.2 2.925 270) (size 0.65 0.2) (layers F.Cu F.Paste F.Mask)
      (net 25 JTAG_TCK))
    (pad 14 smd rect (at -1.8 2.925 270) (size 0.65 0.2) (layers F.Cu F.Paste F.Mask)
      (net 23 JTAG_TDO))
    (pad 15 smd rect (at -1.4 2.925 270) (size 0.65 0.2) (layers F.Cu F.Paste F.Mask)
      (net 24 JTAG_TMS))
    (pad 16 smd rect (at -1 2.925 270) (size 0.65 0.2) (layers F.Cu F.Paste F.Mask)
      (net 22 JTAG_TDI))
    (pad 17 smd rect (at -0.6 2.925 270) (size 0.65 0.2) (layers F.Cu F.Paste F.Mask)
      (net 83 "Net-(U4-Pad17)"))
    (pad 18 smd rect (at -0.2 2.925 270) (size 0.65 0.2) (layers F.Cu F.Paste F.Mask)
      (net 45 "Net-(R3-Pad1)"))
    (pad 19 smd rect (at 0.2 2.925 270) (size 0.65 0.2) (layers F.Cu F.Paste F.Mask)
      (net 1 +1V8))
    (pad 20 smd rect (at 0.6 2.925 270) (size 0.65 0.2) (layers F.Cu F.Paste F.Mask)
      (net 84 "Net-(U4-Pad20)"))
    (pad 21 smd rect (at 1 2.925 270) (size 0.65 0.2) (layers F.Cu F.Paste F.Mask)
      (net 85 "Net-(U4-Pad21)"))
    (pad 22 smd rect (at 1.4 2.925 270) (size 0.65 0.2) (layers F.Cu F.Paste F.Mask)
      (net 86 "Net-(U4-Pad22)"))
    (pad 23 smd rect (at 1.8 2.925 270) (size 0.65 0.2) (layers F.Cu F.Paste F.Mask)
      (net 1 +1V8))
    (pad 24 smd rect (at 2.2 2.925 270) (size 0.65 0.2) (layers F.Cu F.Paste F.Mask)
      (net 57 "Net-(C7-Pad1)"))
    (pad 25 smd rect (at 2.925 2.2 180) (size 0.65 0.2) (layers F.Cu F.Paste F.Mask)
      (net 87 "Net-(U4-Pad25)"))
    (pad 26 smd rect (at 2.925 1.8 180) (size 0.65 0.2) (layers F.Cu F.Paste F.Mask)
      (net 88 "Net-(U4-Pad26)"))
    (pad 27 smd rect (at 2.925 1.4 180) (size 0.65 0.2) (layers F.Cu F.Paste F.Mask)
      (net 89 "Net-(U4-Pad27)"))
    (pad 28 smd rect (at 2.925 1 180) (size 0.65 0.2) (layers F.Cu F.Paste F.Mask)
      (net 90 "Net-(U4-Pad28)"))
    (pad 29 smd rect (at 2.925 0.6 180) (size 0.65 0.2) (layers F.Cu F.Paste F.Mask)
      (net 91 "Net-(U4-Pad29)"))
    (pad 30 smd rect (at 2.925 0.2 180) (size 0.65 0.2) (layers F.Cu F.Paste F.Mask)
      (net 38 VCC_CLEAN))
    (pad 31 smd rect (at 2.925 -0.2 180) (size 0.65 0.2) (layers F.Cu F.Paste F.Mask)
      (net 92 "Net-(U4-Pad31)"))
    (pad 32 smd rect (at 2.925 -0.6 180) (size 0.65 0.2) (layers F.Cu F.Paste F.Mask)
      (net 2 +3V3))
    (pad 33 smd rect (at 2.925 -1 180) (size 0.65 0.2) (layers F.Cu F.Paste F.Mask)
      (net 93 "Net-(U4-Pad33)"))
    (pad 34 smd rect (at 2.925 -1.4 180) (size 0.65 0.2) (layers F.Cu F.Paste F.Mask)
      (net 94 "Net-(U4-Pad34)"))
    (pad 35 smd rect (at 2.925 -1.8 180) (size 0.65 0.2) (layers F.Cu F.Paste F.Mask)
      (net 95 "Net-(U4-Pad35)"))
    (pad 36 smd rect (at 2.925 -2.2 180) (size 0.65 0.2) (layers F.Cu F.Paste F.Mask)
      (net 96 "Net-(U4-Pad36)"))
    (pad 37 smd rect (at 2.2 -2.925 270) (size 0.65 0.2) (layers F.Cu F.Paste F.Mask)
      (net 97 "Net-(U4-Pad37)"))
    (pad 38 smd rect (at 1.8 -2.925 270) (size 0.65 0.2) (layers F.Cu F.Paste F.Mask)
      (net 76 RX))
    (pad 39 smd rect (at 1.4 -2.925 270) (size 0.65 0.2) (layers F.Cu F.Paste F.Mask)
      (net 74 TX))
    (pad 40 smd rect (at 1 -2.925 270) (size 0.65 0.2) (layers F.Cu F.Paste F.Mask)
      (net 98 "Net-(U4-Pad40)"))
    (pad 41 smd rect (at 0.6 -2.925 270) (size 0.65 0.2) (layers F.Cu F.Paste F.Mask)
      (net 40 LED1))
    (pad 42 smd rect (at 0.2 -2.925 270) (size 0.65 0.2) (layers F.Cu F.Paste F.Mask)
      (net 99 "Net-(U4-Pad42)"))
    (pad 43 smd rect (at -0.2 -2.925 270) (size 0.65 0.2) (layers F.Cu F.Paste F.Mask)
      (net 41 LED2))
    (pad 44 smd rect (at -0.6 -2.925 270) (size 0.65 0.2) (layers F.Cu F.Paste F.Mask)
      (net 41 LED2))
    (pad 45 smd rect (at -1 -2.925 270) (size 0.65 0.2) (layers F.Cu F.Paste F.Mask)
      (net 13 GPIO4))
    (pad 46 smd rect (at -1.4 -2.925 270) (size 0.65 0.2) (layers F.Cu F.Paste F.Mask)
      (net 38 VCC_CLEAN))
    (pad 47 smd rect (at -1.8 -2.925 270) (size 0.65 0.2) (layers F.Cu F.Paste F.Mask)
      (net 2 +3V3))
    (pad 48 smd rect (at -2.2 -2.925 270) (size 0.65 0.2) (layers F.Cu F.Paste F.Mask)
      (net 50 FLASH_SCK))
    (pad 49 smd rect (at 0 0 180) (size 5.4 5.4) (layers B.Cu)
      (net 3 GND))
    (pad 49 smd rect (at 0 0 180) (size 4.4 4.4) (layers F.Cu F.Mask)
      (net 3 GND))
    (pad "" smd rect (at -1.466667 -1.466667 180) (size 1.08 1.08) (layers F.Paste))
    (pad "" smd rect (at -1.466667 0 180) (size 1.08 1.08) (layers F.Paste))
    (pad "" smd rect (at -1.466667 1.466667 180) (size 1.08 1.08) (layers F.Paste))
    (pad "" smd rect (at 0 -1.466667 180) (size 1.08 1.08) (layers F.Paste))
    (pad "" smd rect (at 0 0 180) (size 1.08 1.08) (layers F.Paste))
    (pad "" smd rect (at 0 1.466667 180) (size 1.08 1.08) (layers F.Paste))
    (pad "" smd rect (at 1.466667 -1.466667 180) (size 1.08 1.08) (layers F.Paste))
    (pad "" smd rect (at 1.466667 0 180) (size 1.08 1.08) (layers F.Paste))
    (pad "" smd rect (at 1.466667 1.466667 180) (size 1.08 1.08) (layers F.Paste))
    (pad 49 thru_hole circle (at -1.466667 -0.733333 180) (size 0.6 0.6) (drill 0.3) (layers *.Cu)
      (net 3 GND))
    (pad 49 thru_hole circle (at -1.466667 0.733333 180) (size 0.6 0.6) (drill 0.3) (layers *.Cu)
      (net 3 GND))
    (pad 49 thru_hole circle (at -0.733333 -1.466667 180) (size 0.6 0.6) (drill 0.3) (layers *.Cu)
      (net 3 GND))
    (pad 49 thru_hole circle (at -0.733333 -0.733333 180) (size 0.6 0.6) (drill 0.3) (layers *.Cu)
      (net 3 GND))
    (pad 49 thru_hole circle (at -0.733333 0 180) (size 0.6 0.6) (drill 0.3) (layers *.Cu)
      (net 3 GND))
    (pad 49 thru_hole circle (at -0.733333 0.733333 180) (size 0.6 0.6) (drill 0.3) (layers *.Cu)
      (net 3 GND))
    (pad 49 thru_hole circle (at -0.733333 1.466667 180) (size 0.6 0.6) (drill 0.3) (layers *.Cu)
      (net 3 GND))
    (pad 49 thru_hole circle (at 0 -0.733333 180) (size 0.6 0.6) (drill 0.3) (layers *.Cu)
      (net 3 GND))
    (pad 49 thru_hole circle (at 0 0.733333 180) (size 0.6 0.6) (drill 0.3) (layers *.Cu)
      (net 3 GND))
    (pad 49 thru_hole circle (at 0.733333 -1.466667 180) (size 0.6 0.6) (drill 0.3) (layers *.Cu)
      (net 3 GND))
    (pad 49 thru_hole circle (at 0.733333 -0.733333 180) (size 0.6 0.6) (drill 0.3) (layers *.Cu)
      (net 3 GND))
    (pad 49 thru_hole circle (at 0.733333 0 180) (size 0.6 0.6) (drill 0.3) (layers *.Cu)
      (net 3 GND))
    (pad 49 thru_hole circle (at 0.733333 0.733333 180) (size 0.6 0.6) (drill 0.3) (layers *.Cu)
      (net 3 GND))
    (pad 49 thru_hole circle (at 0.733333 1.466667 180) (size 0.6 0.6) (drill 0.3) (layers *.Cu)
      (net 3 GND))
    (pad 49 thru_hole circle (at 1.466667 -0.733333 180) (size 0.6 0.6) (drill 0.3) (layers *.Cu)
      (net 3 GND))
    (pad 49 thru_hole circle (at 1.466667 0.733333 180) (size 0.6 0.6) (drill 0.3) (layers *.Cu)
      (net 3 GND))
    (model ${KISYS3DMOD}/Package_DFN_QFN.3dshapes/QFN-48-1EP_6x6mm_Pitch0.4mm_EP4.66x4.66mm.wrl
      (at (xyz 0 0 0))
      (scale (xyz 1 1 1))
      (rotate (xyz 0 0 0))
    )
  )

  (module Connector_PinHeader_2.54mm:PinHeader_1x02_P2.54mm_Vertical (layer F.Cu) (tedit 59FED5CC) (tstamp 5C13C410)
    (at 93.98 48.26)
    (descr "Through hole straight pin header, 1x02, 2.54mm pitch, single row")
    (tags "Through hole pin header THT 1x02 2.54mm single row")
    (path /5C160C4C)
    (fp_text reference JP1 (at 0 -2.33) (layer F.SilkS)
      (effects (font (size 1 1) (thickness 0.15)))
    )
    (fp_text value Jumper (at 0 4.87) (layer F.Fab)
      (effects (font (size 1 1) (thickness 0.15)))
    )
    (fp_text user %R (at 0 1.27 90) (layer F.Fab)
      (effects (font (size 1 1) (thickness 0.15)))
    )
    (fp_line (start 1.8 -1.8) (end -1.8 -1.8) (layer F.CrtYd) (width 0.05))
    (fp_line (start 1.8 4.35) (end 1.8 -1.8) (layer F.CrtYd) (width 0.05))
    (fp_line (start -1.8 4.35) (end 1.8 4.35) (layer F.CrtYd) (width 0.05))
    (fp_line (start -1.8 -1.8) (end -1.8 4.35) (layer F.CrtYd) (width 0.05))
    (fp_line (start -1.33 -1.33) (end 0 -1.33) (layer F.SilkS) (width 0.12))
    (fp_line (start -1.33 0) (end -1.33 -1.33) (layer F.SilkS) (width 0.12))
    (fp_line (start -1.33 1.27) (end 1.33 1.27) (layer F.SilkS) (width 0.12))
    (fp_line (start 1.33 1.27) (end 1.33 3.87) (layer F.SilkS) (width 0.12))
    (fp_line (start -1.33 1.27) (end -1.33 3.87) (layer F.SilkS) (width 0.12))
    (fp_line (start -1.33 3.87) (end 1.33 3.87) (layer F.SilkS) (width 0.12))
    (fp_line (start -1.27 -0.635) (end -0.635 -1.27) (layer F.Fab) (width 0.1))
    (fp_line (start -1.27 3.81) (end -1.27 -0.635) (layer F.Fab) (width 0.1))
    (fp_line (start 1.27 3.81) (end -1.27 3.81) (layer F.Fab) (width 0.1))
    (fp_line (start 1.27 -1.27) (end 1.27 3.81) (layer F.Fab) (width 0.1))
    (fp_line (start -0.635 -1.27) (end 1.27 -1.27) (layer F.Fab) (width 0.1))
    (pad 2 thru_hole oval (at 0 2.54) (size 1.7 1.7) (drill 1) (layers *.Cu *.Mask)
      (net 43 XTAL_XO))
    (pad 1 thru_hole rect (at 0 0) (size 1.7 1.7) (drill 1) (layers *.Cu *.Mask)
      (net 9 CLKOUT))
    (model ${KISYS3DMOD}/Connector_PinHeader_2.54mm.3dshapes/PinHeader_1x02_P2.54mm_Vertical.wrl
      (at (xyz 0 0 0))
      (scale (xyz 1 1 1))
      (rotate (xyz 0 0 0))
    )
  )

  (module Capacitor_SMD:C_0603_1608Metric_Pad1.05x0.95mm_HandSolder (layer F.Cu) (tedit 5B301BBE) (tstamp 5C13C155)
    (at 125.476 87.249)
    (descr "Capacitor SMD 0603 (1608 Metric), square (rectangular) end terminal, IPC_7351 nominal with elongated pad for handsoldering. (Body size source: http://www.tortai-tech.com/upload/download/2011102023233369053.pdf), generated with kicad-footprint-generator")
    (tags "capacitor handsolder")
    (path /5C051146)
    (attr smd)
    (fp_text reference C1 (at 0 -1.43) (layer F.SilkS)
      (effects (font (size 1 1) (thickness 0.15)))
    )
    (fp_text value 0.1uF (at 0 1.43) (layer F.Fab)
      (effects (font (size 1 1) (thickness 0.15)))
    )
    (fp_text user %R (at 0 0) (layer F.Fab)
      (effects (font (size 0.4 0.4) (thickness 0.06)))
    )
    (fp_line (start 1.65 0.73) (end -1.65 0.73) (layer F.CrtYd) (width 0.05))
    (fp_line (start 1.65 -0.73) (end 1.65 0.73) (layer F.CrtYd) (width 0.05))
    (fp_line (start -1.65 -0.73) (end 1.65 -0.73) (layer F.CrtYd) (width 0.05))
    (fp_line (start -1.65 0.73) (end -1.65 -0.73) (layer F.CrtYd) (width 0.05))
    (fp_line (start -0.171267 0.51) (end 0.171267 0.51) (layer F.SilkS) (width 0.12))
    (fp_line (start -0.171267 -0.51) (end 0.171267 -0.51) (layer F.SilkS) (width 0.12))
    (fp_line (start 0.8 0.4) (end -0.8 0.4) (layer F.Fab) (width 0.1))
    (fp_line (start 0.8 -0.4) (end 0.8 0.4) (layer F.Fab) (width 0.1))
    (fp_line (start -0.8 -0.4) (end 0.8 -0.4) (layer F.Fab) (width 0.1))
    (fp_line (start -0.8 0.4) (end -0.8 -0.4) (layer F.Fab) (width 0.1))
    (pad 2 smd roundrect (at 0.875 0) (size 1.05 0.95) (layers F.Cu F.Paste F.Mask) (roundrect_rratio 0.25)
      (net 3 GND))
    (pad 1 smd roundrect (at -0.875 0) (size 1.05 0.95) (layers F.Cu F.Paste F.Mask) (roundrect_rratio 0.25)
      (net 2 +3V3))
    (model ${KISYS3DMOD}/Capacitor_SMD.3dshapes/C_0603_1608Metric.wrl
      (at (xyz 0 0 0))
      (scale (xyz 1 1 1))
      (rotate (xyz 0 0 0))
    )
  )

  (module Capacitor_SMD:C_0603_1608Metric_Pad1.05x0.95mm_HandSolder (layer F.Cu) (tedit 5B301BBE) (tstamp 5C13C166)
    (at 119.126 83.947)
    (descr "Capacitor SMD 0603 (1608 Metric), square (rectangular) end terminal, IPC_7351 nominal with elongated pad for handsoldering. (Body size source: http://www.tortai-tech.com/upload/download/2011102023233369053.pdf), generated with kicad-footprint-generator")
    (tags "capacitor handsolder")
    (path /5C05F2DC)
    (attr smd)
    (fp_text reference C2 (at 0 -1.43) (layer F.SilkS)
      (effects (font (size 1 1) (thickness 0.15)))
    )
    (fp_text value 12pF (at 0 1.43) (layer F.Fab)
      (effects (font (size 1 1) (thickness 0.15)))
    )
    (fp_text user %R (at 0 0) (layer F.Fab)
      (effects (font (size 0.4 0.4) (thickness 0.06)))
    )
    (fp_line (start 1.65 0.73) (end -1.65 0.73) (layer F.CrtYd) (width 0.05))
    (fp_line (start 1.65 -0.73) (end 1.65 0.73) (layer F.CrtYd) (width 0.05))
    (fp_line (start -1.65 -0.73) (end 1.65 -0.73) (layer F.CrtYd) (width 0.05))
    (fp_line (start -1.65 0.73) (end -1.65 -0.73) (layer F.CrtYd) (width 0.05))
    (fp_line (start -0.171267 0.51) (end 0.171267 0.51) (layer F.SilkS) (width 0.12))
    (fp_line (start -0.171267 -0.51) (end 0.171267 -0.51) (layer F.SilkS) (width 0.12))
    (fp_line (start 0.8 0.4) (end -0.8 0.4) (layer F.Fab) (width 0.1))
    (fp_line (start 0.8 -0.4) (end 0.8 0.4) (layer F.Fab) (width 0.1))
    (fp_line (start -0.8 -0.4) (end 0.8 -0.4) (layer F.Fab) (width 0.1))
    (fp_line (start -0.8 0.4) (end -0.8 -0.4) (layer F.Fab) (width 0.1))
    (pad 2 smd roundrect (at 0.875 0) (size 1.05 0.95) (layers F.Cu F.Paste F.Mask) (roundrect_rratio 0.25)
      (net 53 "Net-(C2-Pad2)"))
    (pad 1 smd roundrect (at -0.875 0) (size 1.05 0.95) (layers F.Cu F.Paste F.Mask) (roundrect_rratio 0.25)
      (net 54 "Net-(C2-Pad1)"))
    (model ${KISYS3DMOD}/Capacitor_SMD.3dshapes/C_0603_1608Metric.wrl
      (at (xyz 0 0 0))
      (scale (xyz 1 1 1))
      (rotate (xyz 0 0 0))
    )
  )

  (module Capacitor_SMD:C_0603_1608Metric_Pad1.05x0.95mm_HandSolder (layer F.Cu) (tedit 5B301BBE) (tstamp 5C13C177)
    (at 126.111 39.497)
    (descr "Capacitor SMD 0603 (1608 Metric), square (rectangular) end terminal, IPC_7351 nominal with elongated pad for handsoldering. (Body size source: http://www.tortai-tech.com/upload/download/2011102023233369053.pdf), generated with kicad-footprint-generator")
    (tags "capacitor handsolder")
    (path /5C072F88)
    (attr smd)
    (fp_text reference C3 (at 0 -1.43) (layer F.SilkS)
      (effects (font (size 1 1) (thickness 0.15)))
    )
    (fp_text value 12pF (at 0 1.43) (layer F.Fab)
      (effects (font (size 1 1) (thickness 0.15)))
    )
    (fp_text user %R (at 0 0) (layer F.Fab)
      (effects (font (size 0.4 0.4) (thickness 0.06)))
    )
    (fp_line (start 1.65 0.73) (end -1.65 0.73) (layer F.CrtYd) (width 0.05))
    (fp_line (start 1.65 -0.73) (end 1.65 0.73) (layer F.CrtYd) (width 0.05))
    (fp_line (start -1.65 -0.73) (end 1.65 -0.73) (layer F.CrtYd) (width 0.05))
    (fp_line (start -1.65 0.73) (end -1.65 -0.73) (layer F.CrtYd) (width 0.05))
    (fp_line (start -0.171267 0.51) (end 0.171267 0.51) (layer F.SilkS) (width 0.12))
    (fp_line (start -0.171267 -0.51) (end 0.171267 -0.51) (layer F.SilkS) (width 0.12))
    (fp_line (start 0.8 0.4) (end -0.8 0.4) (layer F.Fab) (width 0.1))
    (fp_line (start 0.8 -0.4) (end 0.8 0.4) (layer F.Fab) (width 0.1))
    (fp_line (start -0.8 -0.4) (end 0.8 -0.4) (layer F.Fab) (width 0.1))
    (fp_line (start -0.8 0.4) (end -0.8 -0.4) (layer F.Fab) (width 0.1))
    (pad 2 smd roundrect (at 0.875 0) (size 1.05 0.95) (layers F.Cu F.Paste F.Mask) (roundrect_rratio 0.25)
      (net 4 "Net-(C3-Pad2)"))
    (pad 1 smd roundrect (at -0.875 0) (size 1.05 0.95) (layers F.Cu F.Paste F.Mask) (roundrect_rratio 0.25)
      (net 55 "Net-(C3-Pad1)"))
    (model ${KISYS3DMOD}/Capacitor_SMD.3dshapes/C_0603_1608Metric.wrl
      (at (xyz 0 0 0))
      (scale (xyz 1 1 1))
      (rotate (xyz 0 0 0))
    )
  )

  (module Capacitor_SMD:C_0603_1608Metric_Pad1.05x0.95mm_HandSolder (layer F.Cu) (tedit 5B301BBE) (tstamp 5C13C188)
    (at 101.981 87.122)
    (descr "Capacitor SMD 0603 (1608 Metric), square (rectangular) end terminal, IPC_7351 nominal with elongated pad for handsoldering. (Body size source: http://www.tortai-tech.com/upload/download/2011102023233369053.pdf), generated with kicad-footprint-generator")
    (tags "capacitor handsolder")
    (path /5C4CED7F)
    (attr smd)
    (fp_text reference C4 (at 0 -1.43) (layer F.SilkS)
      (effects (font (size 1 1) (thickness 0.15)))
    )
    (fp_text value 0.1uF (at 0 1.43) (layer F.Fab)
      (effects (font (size 1 1) (thickness 0.15)))
    )
    (fp_line (start -0.8 0.4) (end -0.8 -0.4) (layer F.Fab) (width 0.1))
    (fp_line (start -0.8 -0.4) (end 0.8 -0.4) (layer F.Fab) (width 0.1))
    (fp_line (start 0.8 -0.4) (end 0.8 0.4) (layer F.Fab) (width 0.1))
    (fp_line (start 0.8 0.4) (end -0.8 0.4) (layer F.Fab) (width 0.1))
    (fp_line (start -0.171267 -0.51) (end 0.171267 -0.51) (layer F.SilkS) (width 0.12))
    (fp_line (start -0.171267 0.51) (end 0.171267 0.51) (layer F.SilkS) (width 0.12))
    (fp_line (start -1.65 0.73) (end -1.65 -0.73) (layer F.CrtYd) (width 0.05))
    (fp_line (start -1.65 -0.73) (end 1.65 -0.73) (layer F.CrtYd) (width 0.05))
    (fp_line (start 1.65 -0.73) (end 1.65 0.73) (layer F.CrtYd) (width 0.05))
    (fp_line (start 1.65 0.73) (end -1.65 0.73) (layer F.CrtYd) (width 0.05))
    (fp_text user %R (at 0 0) (layer F.Fab)
      (effects (font (size 0.4 0.4) (thickness 0.06)))
    )
    (pad 1 smd roundrect (at -0.875 0) (size 1.05 0.95) (layers F.Cu F.Paste F.Mask) (roundrect_rratio 0.25)
      (net 1 +1V8))
    (pad 2 smd roundrect (at 0.875 0) (size 1.05 0.95) (layers F.Cu F.Paste F.Mask) (roundrect_rratio 0.25)
      (net 3 GND))
    (model ${KISYS3DMOD}/Capacitor_SMD.3dshapes/C_0603_1608Metric.wrl
      (at (xyz 0 0 0))
      (scale (xyz 1 1 1))
      (rotate (xyz 0 0 0))
    )
  )

  (module Capacitor_SMD:C_0603_1608Metric_Pad1.05x0.95mm_HandSolder (layer F.Cu) (tedit 5B301BBE) (tstamp 5C13C199)
    (at 111.0488 63.1952 180)
    (descr "Capacitor SMD 0603 (1608 Metric), square (rectangular) end terminal, IPC_7351 nominal with elongated pad for handsoldering. (Body size source: http://www.tortai-tech.com/upload/download/2011102023233369053.pdf), generated with kicad-footprint-generator")
    (tags "capacitor handsolder")
    (path /5C28FEF5)
    (attr smd)
    (fp_text reference C5 (at 0 -1.43 180) (layer F.SilkS)
      (effects (font (size 1 1) (thickness 0.15)))
    )
    (fp_text value 0.1uF (at 0 1.43 180) (layer F.Fab)
      (effects (font (size 1 1) (thickness 0.15)))
    )
    (fp_line (start -0.8 0.4) (end -0.8 -0.4) (layer F.Fab) (width 0.1))
    (fp_line (start -0.8 -0.4) (end 0.8 -0.4) (layer F.Fab) (width 0.1))
    (fp_line (start 0.8 -0.4) (end 0.8 0.4) (layer F.Fab) (width 0.1))
    (fp_line (start 0.8 0.4) (end -0.8 0.4) (layer F.Fab) (width 0.1))
    (fp_line (start -0.171267 -0.51) (end 0.171267 -0.51) (layer F.SilkS) (width 0.12))
    (fp_line (start -0.171267 0.51) (end 0.171267 0.51) (layer F.SilkS) (width 0.12))
    (fp_line (start -1.65 0.73) (end -1.65 -0.73) (layer F.CrtYd) (width 0.05))
    (fp_line (start -1.65 -0.73) (end 1.65 -0.73) (layer F.CrtYd) (width 0.05))
    (fp_line (start 1.65 -0.73) (end 1.65 0.73) (layer F.CrtYd) (width 0.05))
    (fp_line (start 1.65 0.73) (end -1.65 0.73) (layer F.CrtYd) (width 0.05))
    (fp_text user %R (at 0 0 180) (layer F.Fab)
      (effects (font (size 0.4 0.4) (thickness 0.06)))
    )
    (pad 1 smd roundrect (at -0.875 0 180) (size 1.05 0.95) (layers F.Cu F.Paste F.Mask) (roundrect_rratio 0.25)
      (net 1 +1V8))
    (pad 2 smd roundrect (at 0.875 0 180) (size 1.05 0.95) (layers F.Cu F.Paste F.Mask) (roundrect_rratio 0.25)
      (net 3 GND))
    (model ${KISYS3DMOD}/Capacitor_SMD.3dshapes/C_0603_1608Metric.wrl
      (at (xyz 0 0 0))
      (scale (xyz 1 1 1))
      (rotate (xyz 0 0 0))
    )
  )

  (module Capacitor_SMD:C_0603_1608Metric_Pad1.05x0.95mm_HandSolder (layer F.Cu) (tedit 5B301BBE) (tstamp 5C13C1AA)
    (at 132.08 49.022)
    (descr "Capacitor SMD 0603 (1608 Metric), square (rectangular) end terminal, IPC_7351 nominal with elongated pad for handsoldering. (Body size source: http://www.tortai-tech.com/upload/download/2011102023233369053.pdf), generated with kicad-footprint-generator")
    (tags "capacitor handsolder")
    (path /5C0BFC15)
    (attr smd)
    (fp_text reference C6 (at 0 -1.43) (layer F.SilkS)
      (effects (font (size 1 1) (thickness 0.15)))
    )
    (fp_text value 100n (at 0 1.43) (layer F.Fab)
      (effects (font (size 1 1) (thickness 0.15)))
    )
    (fp_line (start -0.8 0.4) (end -0.8 -0.4) (layer F.Fab) (width 0.1))
    (fp_line (start -0.8 -0.4) (end 0.8 -0.4) (layer F.Fab) (width 0.1))
    (fp_line (start 0.8 -0.4) (end 0.8 0.4) (layer F.Fab) (width 0.1))
    (fp_line (start 0.8 0.4) (end -0.8 0.4) (layer F.Fab) (width 0.1))
    (fp_line (start -0.171267 -0.51) (end 0.171267 -0.51) (layer F.SilkS) (width 0.12))
    (fp_line (start -0.171267 0.51) (end 0.171267 0.51) (layer F.SilkS) (width 0.12))
    (fp_line (start -1.65 0.73) (end -1.65 -0.73) (layer F.CrtYd) (width 0.05))
    (fp_line (start -1.65 -0.73) (end 1.65 -0.73) (layer F.CrtYd) (width 0.05))
    (fp_line (start 1.65 -0.73) (end 1.65 0.73) (layer F.CrtYd) (width 0.05))
    (fp_line (start 1.65 0.73) (end -1.65 0.73) (layer F.CrtYd) (width 0.05))
    (fp_text user %R (at 0 0) (layer F.Fab)
      (effects (font (size 0.4 0.4) (thickness 0.06)))
    )
    (pad 1 smd roundrect (at -0.875 0) (size 1.05 0.95) (layers F.Cu F.Paste F.Mask) (roundrect_rratio 0.25)
      (net 3 GND))
    (pad 2 smd roundrect (at 0.875 0) (size 1.05 0.95) (layers F.Cu F.Paste F.Mask) (roundrect_rratio 0.25)
      (net 56 "Net-(C6-Pad2)"))
    (model ${KISYS3DMOD}/Capacitor_SMD.3dshapes/C_0603_1608Metric.wrl
      (at (xyz 0 0 0))
      (scale (xyz 1 1 1))
      (rotate (xyz 0 0 0))
    )
  )

  (module Capacitor_SMD:C_0603_1608Metric_Pad1.05x0.95mm_HandSolder (layer F.Cu) (tedit 5B301BBE) (tstamp 5C13C1BB)
    (at 132.08 73.279)
    (descr "Capacitor SMD 0603 (1608 Metric), square (rectangular) end terminal, IPC_7351 nominal with elongated pad for handsoldering. (Body size source: http://www.tortai-tech.com/upload/download/2011102023233369053.pdf), generated with kicad-footprint-generator")
    (tags "capacitor handsolder")
    (path /5C1EAA2C)
    (attr smd)
    (fp_text reference C7 (at 0 -1.43) (layer F.SilkS)
      (effects (font (size 1 1) (thickness 0.15)))
    )
    (fp_text value 10nF (at 0 1.43) (layer F.Fab)
      (effects (font (size 1 1) (thickness 0.15)))
    )
    (fp_text user %R (at 0 0) (layer F.Fab)
      (effects (font (size 0.4 0.4) (thickness 0.06)))
    )
    (fp_line (start 1.65 0.73) (end -1.65 0.73) (layer F.CrtYd) (width 0.05))
    (fp_line (start 1.65 -0.73) (end 1.65 0.73) (layer F.CrtYd) (width 0.05))
    (fp_line (start -1.65 -0.73) (end 1.65 -0.73) (layer F.CrtYd) (width 0.05))
    (fp_line (start -1.65 0.73) (end -1.65 -0.73) (layer F.CrtYd) (width 0.05))
    (fp_line (start -0.171267 0.51) (end 0.171267 0.51) (layer F.SilkS) (width 0.12))
    (fp_line (start -0.171267 -0.51) (end 0.171267 -0.51) (layer F.SilkS) (width 0.12))
    (fp_line (start 0.8 0.4) (end -0.8 0.4) (layer F.Fab) (width 0.1))
    (fp_line (start 0.8 -0.4) (end 0.8 0.4) (layer F.Fab) (width 0.1))
    (fp_line (start -0.8 -0.4) (end 0.8 -0.4) (layer F.Fab) (width 0.1))
    (fp_line (start -0.8 0.4) (end -0.8 -0.4) (layer F.Fab) (width 0.1))
    (pad 2 smd roundrect (at 0.875 0) (size 1.05 0.95) (layers F.Cu F.Paste F.Mask) (roundrect_rratio 0.25)
      (net 3 GND))
    (pad 1 smd roundrect (at -0.875 0) (size 1.05 0.95) (layers F.Cu F.Paste F.Mask) (roundrect_rratio 0.25)
      (net 57 "Net-(C7-Pad1)"))
    (model ${KISYS3DMOD}/Capacitor_SMD.3dshapes/C_0603_1608Metric.wrl
      (at (xyz 0 0 0))
      (scale (xyz 1 1 1))
      (rotate (xyz 0 0 0))
    )
  )

  (module Capacitor_SMD:C_0603_1608Metric_Pad1.05x0.95mm_HandSolder (layer F.Cu) (tedit 5B301BBE) (tstamp 5C13C1CC)
    (at 120.8024 64.6684 90)
    (descr "Capacitor SMD 0603 (1608 Metric), square (rectangular) end terminal, IPC_7351 nominal with elongated pad for handsoldering. (Body size source: http://www.tortai-tech.com/upload/download/2011102023233369053.pdf), generated with kicad-footprint-generator")
    (tags "capacitor handsolder")
    (path /5C0F36BC)
    (attr smd)
    (fp_text reference C8 (at 0 -1.43 90) (layer F.SilkS)
      (effects (font (size 1 1) (thickness 0.15)))
    )
    (fp_text value 0.1uF (at 0 1.43 90) (layer F.Fab)
      (effects (font (size 1 1) (thickness 0.15)))
    )
    (fp_text user %R (at 0 0 90) (layer F.Fab)
      (effects (font (size 0.4 0.4) (thickness 0.06)))
    )
    (fp_line (start 1.65 0.73) (end -1.65 0.73) (layer F.CrtYd) (width 0.05))
    (fp_line (start 1.65 -0.73) (end 1.65 0.73) (layer F.CrtYd) (width 0.05))
    (fp_line (start -1.65 -0.73) (end 1.65 -0.73) (layer F.CrtYd) (width 0.05))
    (fp_line (start -1.65 0.73) (end -1.65 -0.73) (layer F.CrtYd) (width 0.05))
    (fp_line (start -0.171267 0.51) (end 0.171267 0.51) (layer F.SilkS) (width 0.12))
    (fp_line (start -0.171267 -0.51) (end 0.171267 -0.51) (layer F.SilkS) (width 0.12))
    (fp_line (start 0.8 0.4) (end -0.8 0.4) (layer F.Fab) (width 0.1))
    (fp_line (start 0.8 -0.4) (end 0.8 0.4) (layer F.Fab) (width 0.1))
    (fp_line (start -0.8 -0.4) (end 0.8 -0.4) (layer F.Fab) (width 0.1))
    (fp_line (start -0.8 0.4) (end -0.8 -0.4) (layer F.Fab) (width 0.1))
    (pad 2 smd roundrect (at 0.875 0 90) (size 1.05 0.95) (layers F.Cu F.Paste F.Mask) (roundrect_rratio 0.25)
      (net 3 GND))
    (pad 1 smd roundrect (at -0.875 0 90) (size 1.05 0.95) (layers F.Cu F.Paste F.Mask) (roundrect_rratio 0.25)
      (net 2 +3V3))
    (model ${KISYS3DMOD}/Capacitor_SMD.3dshapes/C_0603_1608Metric.wrl
      (at (xyz 0 0 0))
      (scale (xyz 1 1 1))
      (rotate (xyz 0 0 0))
    )
  )

  (module Capacitor_SMD:C_0603_1608Metric_Pad1.05x0.95mm_HandSolder locked (layer F.Cu) (tedit 5B301BBE) (tstamp 5C13C1DD)
    (at 122.2756 64.6684 90)
    (descr "Capacitor SMD 0603 (1608 Metric), square (rectangular) end terminal, IPC_7351 nominal with elongated pad for handsoldering. (Body size source: http://www.tortai-tech.com/upload/download/2011102023233369053.pdf), generated with kicad-footprint-generator")
    (tags "capacitor handsolder")
    (path /5C0F3708)
    (attr smd)
    (fp_text reference C9 (at 0 -1.43 90) (layer F.SilkS)
      (effects (font (size 1 1) (thickness 0.15)))
    )
    (fp_text value 0.1uF (at 0 1.43 90) (layer F.Fab)
      (effects (font (size 1 1) (thickness 0.15)))
    )
    (fp_line (start -0.8 0.4) (end -0.8 -0.4) (layer F.Fab) (width 0.1))
    (fp_line (start -0.8 -0.4) (end 0.8 -0.4) (layer F.Fab) (width 0.1))
    (fp_line (start 0.8 -0.4) (end 0.8 0.4) (layer F.Fab) (width 0.1))
    (fp_line (start 0.8 0.4) (end -0.8 0.4) (layer F.Fab) (width 0.1))
    (fp_line (start -0.171267 -0.51) (end 0.171267 -0.51) (layer F.SilkS) (width 0.12))
    (fp_line (start -0.171267 0.51) (end 0.171267 0.51) (layer F.SilkS) (width 0.12))
    (fp_line (start -1.65 0.73) (end -1.65 -0.73) (layer F.CrtYd) (width 0.05))
    (fp_line (start -1.65 -0.73) (end 1.65 -0.73) (layer F.CrtYd) (width 0.05))
    (fp_line (start 1.65 -0.73) (end 1.65 0.73) (layer F.CrtYd) (width 0.05))
    (fp_line (start 1.65 0.73) (end -1.65 0.73) (layer F.CrtYd) (width 0.05))
    (fp_text user %R (at 0 0 90) (layer F.Fab)
      (effects (font (size 0.4 0.4) (thickness 0.06)))
    )
    (pad 1 smd roundrect (at -0.875 0 90) (size 1.05 0.95) (layers F.Cu F.Paste F.Mask) (roundrect_rratio 0.25)
      (net 2 +3V3))
    (pad 2 smd roundrect (at 0.875 0 90) (size 1.05 0.95) (layers F.Cu F.Paste F.Mask) (roundrect_rratio 0.25)
      (net 3 GND))
    (model ${KISYS3DMOD}/Capacitor_SMD.3dshapes/C_0603_1608Metric.wrl
      (at (xyz 0 0 0))
      (scale (xyz 1 1 1))
      (rotate (xyz 0 0 0))
    )
  )

