(kicad_pcb (version 20171130) (host pcbnew 5.0.0)

  (general
    (thickness 1.6)
    (drawings 5)
    (tracks 332)
    (zones 0)
    (modules 21)
    (nets 74)
  )

  (page A4)
  (layers
    (0 F.Cu signal)
    (31 B.Cu signal)
    (32 B.Adhes user)
    (33 F.Adhes user)
    (34 B.Paste user)
    (35 F.Paste user)
    (36 B.SilkS user)
    (37 F.SilkS user)
    (38 B.Mask user)
    (39 F.Mask user)
    (40 Dwgs.User user)
    (41 Cmts.User user)
    (42 Eco1.User user)
    (43 Eco2.User user)
    (44 Edge.Cuts user)
    (45 Margin user)
    (46 B.CrtYd user)
    (47 F.CrtYd user)
    (48 B.Fab user)
    (49 F.Fab user)
  )

  (setup
    (last_trace_width 0.25)
    (trace_clearance 0.12)
    (zone_clearance 0.508)
    (zone_45_only no)
    (trace_min 0.2)
    (segment_width 0.2)
    (edge_width 0.1)
    (via_size 0.8)
    (via_drill 0.4)
    (via_min_size 0.4)
    (via_min_drill 0.3)
    (uvia_size 0.3)
    (uvia_drill 0.1)
    (uvias_allowed no)
    (uvia_min_size 0.2)
    (uvia_min_drill 0.1)
    (pcb_text_width 0.3)
    (pcb_text_size 1.5 1.5)
    (mod_edge_width 0.15)
    (mod_text_size 1 1)
    (mod_text_width 0.15)
    (pad_size 1.5 1.5)
    (pad_drill 0.6)
    (pad_to_mask_clearance 0)
    (aux_axis_origin 0 0)
    (visible_elements FFFFFF1F)
    (pcbplotparams
      (layerselection 0x010fc_ffffffff)
      (usegerberextensions false)
      (usegerberattributes false)
      (usegerberadvancedattributes false)
      (creategerberjobfile false)
      (excludeedgelayer true)
      (linewidth 0.100000)
      (plotframeref false)
      (viasonmask false)
      (mode 1)
      (useauxorigin false)
      (hpglpennumber 1)
      (hpglpenspeed 20)
      (hpglpendiameter 15.000000)
      (psnegative false)
      (psa4output false)
      (plotreference true)
      (plotvalue true)
      (plotinvisibletext false)
      (padsonsilk false)
      (subtractmaskfromsilk false)
      (outputformat 1)
      (mirror false)
      (drillshape 1)
      (scaleselection 1)
      (outputdirectory ""))
  )

  (net 0 "")
  (net 1 GND)
  (net 2 +3V3)
  (net 3 +1V8)
  (net 4 "Net-(C6-Pad2)")
  (net 5 "Net-(C7-Pad1)")
  (net 6 "Net-(C12-Pad1)")
  (net 7 PLL_AVSS)
  (net 8 "Net-(J1-PadA1)")
  (net 9 CLKIN)
  (net 10 CLKOUT)
  (net 11 GPIO1)
  (net 12 GPIO2)
  (net 13 GPIO3)
  (net 14 GPIO4)
  (net 15 UFO.RST)
  (net 16 "Net-(J1-PadA12)")
  (net 17 "Net-(J1-PadA13)")
  (net 18 "Net-(J1-PadA14)")
  (net 19 "Net-(J1-PadA17)")
  (net 20 "Net-(J1-PadA18)")
  (net 21 "Net-(J1-PadA19)")
  (net 22 "Net-(J1-PadA20)")
  (net 23 JTAG_TRST)
  (net 24 JTAG_TDI)
  (net 25 JTAG_TDO)
  (net 26 JTAG_TMS)
  (net 27 JTAG_TCK)
  (net 28 "Net-(J1-PadB7)")
  (net 29 "Net-(J1-PadB8)")
  (net 30 "Net-(J1-PadB11)")
  (net 31 "Net-(J1-PadB12)")
  (net 32 "Net-(J1-PadB13)")
  (net 33 "Net-(J1-PadB14)")
  (net 34 "Net-(J1-PadB15)")
  (net 35 "Net-(J1-PadB16)")
  (net 36 "Net-(J1-PadB17)")
  (net 37 "Net-(J1-PadB18)")
  (net 38 "Net-(J1-PadB19)")
  (net 39 "Net-(J1-PadB20)")
  (net 40 VCC_CLEAN)
  (net 41 "Net-(J1-PadC6)")
  (net 42 "Net-(J1-PadC11)")
  (net 43 "Net-(J1-PadC13)")
  (net 44 "Net-(J1-PadC15)")
  (net 45 LED1)
  (net 46 LED2)
  (net 47 "Net-(R3-Pad1)")
  (net 48 FLASH_S)
  (net 49 FLASH_IO1)
  (net 50 FLASH_IO2)
  (net 51 FLASH_IO0)
  (net 52 FLASH_SCK)
  (net 53 FLASH_IO3)
  (net 54 "Net-(U2-Pad1)")
  (net 55 "Net-(U3-Pad1)")
  (net 56 "Net-(U4-Pad10)")
  (net 57 "Net-(U4-Pad17)")
  (net 58 "Net-(U4-Pad20)")
  (net 59 "Net-(U4-Pad21)")
  (net 60 "Net-(U4-Pad22)")
  (net 61 "Net-(U4-Pad25)")
  (net 62 "Net-(U4-Pad26)")
  (net 63 "Net-(U4-Pad27)")
  (net 64 "Net-(U4-Pad28)")
  (net 65 "Net-(U4-Pad29)")
  (net 66 "Net-(U4-Pad31)")
  (net 67 "Net-(U4-Pad33)")
  (net 68 "Net-(U4-Pad34)")
  (net 69 "Net-(U4-Pad35)")
  (net 70 "Net-(U4-Pad36)")
  (net 71 "Net-(U4-Pad37)")
  (net 72 "Net-(U4-Pad40)")
  (net 73 "Net-(U4-Pad42)")

  (net_class Default "This is the default net class."
    (clearance 0.12)
    (trace_width 0.25)
    (via_dia 0.8)
    (via_drill 0.4)
    (uvia_dia 0.3)
    (uvia_drill 0.1)
    (add_net +1V8)
    (add_net +3V3)
    (add_net CLKIN)
    (add_net CLKOUT)
    (add_net FLASH_IO0)
    (add_net FLASH_IO1)
    (add_net FLASH_IO2)
    (add_net FLASH_IO3)
    (add_net FLASH_S)
    (add_net FLASH_SCK)
    (add_net GND)
    (add_net GPIO1)
    (add_net GPIO2)
    (add_net GPIO3)
    (add_net GPIO4)
    (add_net JTAG_TCK)
    (add_net JTAG_TDI)
    (add_net JTAG_TDO)
    (add_net JTAG_TMS)
    (add_net JTAG_TRST)
    (add_net LED1)
    (add_net LED2)
    (add_net "Net-(C12-Pad1)")
    (add_net "Net-(C6-Pad2)")
    (add_net "Net-(C7-Pad1)")
    (add_net "Net-(J1-PadA1)")
    (add_net "Net-(J1-PadA12)")
    (add_net "Net-(J1-PadA13)")
    (add_net "Net-(J1-PadA14)")
    (add_net "Net-(J1-PadA17)")
    (add_net "Net-(J1-PadA18)")
    (add_net "Net-(J1-PadA19)")
    (add_net "Net-(J1-PadA20)")
    (add_net "Net-(J1-PadB11)")
    (add_net "Net-(J1-PadB12)")
    (add_net "Net-(J1-PadB13)")
    (add_net "Net-(J1-PadB14)")
    (add_net "Net-(J1-PadB15)")
    (add_net "Net-(J1-PadB16)")
    (add_net "Net-(J1-PadB17)")
    (add_net "Net-(J1-PadB18)")
    (add_net "Net-(J1-PadB19)")
    (add_net "Net-(J1-PadB20)")
    (add_net "Net-(J1-PadB7)")
    (add_net "Net-(J1-PadB8)")
    (add_net "Net-(J1-PadC11)")
    (add_net "Net-(J1-PadC13)")
    (add_net "Net-(J1-PadC15)")
    (add_net "Net-(J1-PadC6)")
    (add_net "Net-(R3-Pad1)")
    (add_net "Net-(U2-Pad1)")
    (add_net "Net-(U3-Pad1)")
    (add_net "Net-(U4-Pad10)")
    (add_net "Net-(U4-Pad17)")
    (add_net "Net-(U4-Pad20)")
    (add_net "Net-(U4-Pad21)")
    (add_net "Net-(U4-Pad22)")
    (add_net "Net-(U4-Pad25)")
    (add_net "Net-(U4-Pad26)")
    (add_net "Net-(U4-Pad27)")
    (add_net "Net-(U4-Pad28)")
    (add_net "Net-(U4-Pad29)")
    (add_net "Net-(U4-Pad31)")
    (add_net "Net-(U4-Pad33)")
    (add_net "Net-(U4-Pad34)")
    (add_net "Net-(U4-Pad35)")
    (add_net "Net-(U4-Pad36)")
    (add_net "Net-(U4-Pad37)")
    (add_net "Net-(U4-Pad40)")
    (add_net "Net-(U4-Pad42)")
    (add_net PLL_AVSS)
    (add_net UFO.RST)
    (add_net VCC_CLEAN)
  )

  (module Capacitor_SMD:C_0603_1608Metric_Pad1.05x0.95mm_HandSolder (layer F.Cu) (tedit 5B301BBE) (tstamp 5C0FE19B)
    (at 131.03606 76.79436 270)
    (descr "Capacitor SMD 0603 (1608 Metric), square (rectangular) end terminal, IPC_7351 nominal with elongated pad for handsoldering. (Body size source: http://www.tortai-tech.com/upload/download/2011102023233369053.pdf), generated with kicad-footprint-generator")
    (tags "capacitor handsolder")
    (path /5C051146)
    (attr smd)
    (fp_text reference C1 (at 0 -1.43 270) (layer F.SilkS)
      (effects (font (size 1 1) (thickness 0.15)))
    )
    (fp_text value 0.1uF (at 0 1.43 270) (layer F.Fab)
      (effects (font (size 1 1) (thickness 0.15)))
    )
    (fp_text user %R (at 0 0 270) (layer F.Fab)
      (effects (font (size 0.4 0.4) (thickness 0.06)))
    )
    (fp_line (start 1.65 0.73) (end -1.65 0.73) (layer F.CrtYd) (width 0.05))
    (fp_line (start 1.65 -0.73) (end 1.65 0.73) (layer F.CrtYd) (width 0.05))
    (fp_line (start -1.65 -0.73) (end 1.65 -0.73) (layer F.CrtYd) (width 0.05))
    (fp_line (start -1.65 0.73) (end -1.65 -0.73) (layer F.CrtYd) (width 0.05))
    (fp_line (start -0.171267 0.51) (end 0.171267 0.51) (layer F.SilkS) (width 0.12))
    (fp_line (start -0.171267 -0.51) (end 0.171267 -0.51) (layer F.SilkS) (width 0.12))
    (fp_line (start 0.8 0.4) (end -0.8 0.4) (layer F.Fab) (width 0.1))
    (fp_line (start 0.8 -0.4) (end 0.8 0.4) (layer F.Fab) (width 0.1))
    (fp_line (start -0.8 -0.4) (end 0.8 -0.4) (layer F.Fab) (width 0.1))
    (fp_line (start -0.8 0.4) (end -0.8 -0.4) (layer F.Fab) (width 0.1))
    (pad 2 smd roundrect (at 0.875 0 270) (size 1.05 0.95) (layers F.Cu F.Paste F.Mask) (roundrect_rratio 0.25)
      (net 1 GND))
    (pad 1 smd roundrect (at -0.875 0 270) (size 1.05 0.95) (layers F.Cu F.Paste F.Mask) (roundrect_rratio 0.25)
      (net 2 +3V3))
    (model ${KISYS3DMOD}/Capacitor_SMD.3dshapes/C_0603_1608Metric.wrl
      (at (xyz 0 0 0))
      (scale (xyz 1 1 1))
      (rotate (xyz 0 0 0))
    )
  )

  (module Capacitor_SMD:C_0603_1608Metric_Pad1.05x0.95mm_HandSolder (layer F.Cu) (tedit 5B301BBE) (tstamp 5C0FA503)
    (at 165.2651 81.44256)
    (descr "Capacitor SMD 0603 (1608 Metric), square (rectangular) end terminal, IPC_7351 nominal with elongated pad for handsoldering. (Body size source: http://www.tortai-tech.com/upload/download/2011102023233369053.pdf), generated with kicad-footprint-generator")
    (tags "capacitor handsolder")
    (path /5C4CED7F)
    (attr smd)
    (fp_text reference C4 (at 0 -1.43) (layer F.SilkS)
      (effects (font (size 1 1) (thickness 0.15)))
    )
    (fp_text value 0.1uF (at 0 1.43) (layer F.Fab)
      (effects (font (size 1 1) (thickness 0.15)))
    )
    (fp_line (start -0.8 0.4) (end -0.8 -0.4) (layer F.Fab) (width 0.1))
    (fp_line (start -0.8 -0.4) (end 0.8 -0.4) (layer F.Fab) (width 0.1))
    (fp_line (start 0.8 -0.4) (end 0.8 0.4) (layer F.Fab) (width 0.1))
    (fp_line (start 0.8 0.4) (end -0.8 0.4) (layer F.Fab) (width 0.1))
    (fp_line (start -0.171267 -0.51) (end 0.171267 -0.51) (layer F.SilkS) (width 0.12))
    (fp_line (start -0.171267 0.51) (end 0.171267 0.51) (layer F.SilkS) (width 0.12))
    (fp_line (start -1.65 0.73) (end -1.65 -0.73) (layer F.CrtYd) (width 0.05))
    (fp_line (start -1.65 -0.73) (end 1.65 -0.73) (layer F.CrtYd) (width 0.05))
    (fp_line (start 1.65 -0.73) (end 1.65 0.73) (layer F.CrtYd) (width 0.05))
    (fp_line (start 1.65 0.73) (end -1.65 0.73) (layer F.CrtYd) (width 0.05))
    (fp_text user %R (at 0 0) (layer F.Fab)
      (effects (font (size 0.4 0.4) (thickness 0.06)))
    )
    (pad 1 smd roundrect (at -0.875 0) (size 1.05 0.95) (layers F.Cu F.Paste F.Mask) (roundrect_rratio 0.25)
      (net 3 +1V8))
    (pad 2 smd roundrect (at 0.875 0) (size 1.05 0.95) (layers F.Cu F.Paste F.Mask) (roundrect_rratio 0.25)
      (net 1 GND))
    (model ${KISYS3DMOD}/Capacitor_SMD.3dshapes/C_0603_1608Metric.wrl
      (at (xyz 0 0 0))
      (scale (xyz 1 1 1))
      (rotate (xyz 0 0 0))
    )
  )

  (module Capacitor_SMD:C_0603_1608Metric_Pad1.05x0.95mm_HandSolder (layer F.Cu) (tedit 5B301BBE) (tstamp 5C0FA514)
    (at 164.29482 85.6742 270)
    (descr "Capacitor SMD 0603 (1608 Metric), square (rectangular) end terminal, IPC_7351 nominal with elongated pad for handsoldering. (Body size source: http://www.tortai-tech.com/upload/download/2011102023233369053.pdf), generated with kicad-footprint-generator")
    (tags "capacitor handsolder")
    (path /5C28FEF5)
    (attr smd)
    (fp_text reference C5 (at 0 -1.43 270) (layer F.SilkS)
      (effects (font (size 1 1) (thickness 0.15)))
    )
    (fp_text value 0.1uF (at 0 1.43 270) (layer F.Fab)
      (effects (font (size 1 1) (thickness 0.15)))
    )
    (fp_line (start -0.8 0.4) (end -0.8 -0.4) (layer F.Fab) (width 0.1))
    (fp_line (start -0.8 -0.4) (end 0.8 -0.4) (layer F.Fab) (width 0.1))
    (fp_line (start 0.8 -0.4) (end 0.8 0.4) (layer F.Fab) (width 0.1))
    (fp_line (start 0.8 0.4) (end -0.8 0.4) (layer F.Fab) (width 0.1))
    (fp_line (start -0.171267 -0.51) (end 0.171267 -0.51) (layer F.SilkS) (width 0.12))
    (fp_line (start -0.171267 0.51) (end 0.171267 0.51) (layer F.SilkS) (width 0.12))
    (fp_line (start -1.65 0.73) (end -1.65 -0.73) (layer F.CrtYd) (width 0.05))
    (fp_line (start -1.65 -0.73) (end 1.65 -0.73) (layer F.CrtYd) (width 0.05))
    (fp_line (start 1.65 -0.73) (end 1.65 0.73) (layer F.CrtYd) (width 0.05))
    (fp_line (start 1.65 0.73) (end -1.65 0.73) (layer F.CrtYd) (width 0.05))
    (fp_text user %R (at 0 0 270) (layer F.Fab)
      (effects (font (size 0.4 0.4) (thickness 0.06)))
    )
    (pad 1 smd roundrect (at -0.875 0 270) (size 1.05 0.95) (layers F.Cu F.Paste F.Mask) (roundrect_rratio 0.25)
      (net 3 +1V8))
    (pad 2 smd roundrect (at 0.875 0 270) (size 1.05 0.95) (layers F.Cu F.Paste F.Mask) (roundrect_rratio 0.25)
      (net 1 GND))
    (model ${KISYS3DMOD}/Capacitor_SMD.3dshapes/C_0603_1608Metric.wrl
      (at (xyz 0 0 0))
      (scale (xyz 1 1 1))
      (rotate (xyz 0 0 0))
    )
  )

  (module Capacitor_SMD:C_0603_1608Metric_Pad1.05x0.95mm_HandSolder (layer F.Cu) (tedit 5B301BBE) (tstamp 5C0FA525)
    (at 163.1696 72.1868 90)
    (descr "Capacitor SMD 0603 (1608 Metric), square (rectangular) end terminal, IPC_7351 nominal with elongated pad for handsoldering. (Body size source: http://www.tortai-tech.com/upload/download/2011102023233369053.pdf), generated with kicad-footprint-generator")
    (tags "capacitor handsolder")
    (path /5C0BFC15)
    (attr smd)
    (fp_text reference C6 (at 0 -1.43 90) (layer F.SilkS)
      (effects (font (size 1 1) (thickness 0.15)))
    )
    (fp_text value 100n (at 0 1.43 90) (layer F.Fab)
      (effects (font (size 1 1) (thickness 0.15)))
    )
    (fp_text user %R (at 0 0 90) (layer F.Fab)
      (effects (font (size 0.4 0.4) (thickness 0.06)))
    )
    (fp_line (start 1.65 0.73) (end -1.65 0.73) (layer F.CrtYd) (width 0.05))
    (fp_line (start 1.65 -0.73) (end 1.65 0.73) (layer F.CrtYd) (width 0.05))
    (fp_line (start -1.65 -0.73) (end 1.65 -0.73) (layer F.CrtYd) (width 0.05))
    (fp_line (start -1.65 0.73) (end -1.65 -0.73) (layer F.CrtYd) (width 0.05))
    (fp_line (start -0.171267 0.51) (end 0.171267 0.51) (layer F.SilkS) (width 0.12))
    (fp_line (start -0.171267 -0.51) (end 0.171267 -0.51) (layer F.SilkS) (width 0.12))
    (fp_line (start 0.8 0.4) (end -0.8 0.4) (layer F.Fab) (width 0.1))
    (fp_line (start 0.8 -0.4) (end 0.8 0.4) (layer F.Fab) (width 0.1))
    (fp_line (start -0.8 -0.4) (end 0.8 -0.4) (layer F.Fab) (width 0.1))
    (fp_line (start -0.8 0.4) (end -0.8 -0.4) (layer F.Fab) (width 0.1))
    (pad 2 smd roundrect (at 0.875 0 90) (size 1.05 0.95) (layers F.Cu F.Paste F.Mask) (roundrect_rratio 0.25)
      (net 4 "Net-(C6-Pad2)"))
    (pad 1 smd roundrect (at -0.875 0 90) (size 1.05 0.95) (layers F.Cu F.Paste F.Mask) (roundrect_rratio 0.25)
      (net 1 GND))
    (model ${KISYS3DMOD}/Capacitor_SMD.3dshapes/C_0603_1608Metric.wrl
      (at (xyz 0 0 0))
      (scale (xyz 1 1 1))
      (rotate (xyz 0 0 0))
    )
  )

  (module Capacitor_SMD:C_0603_1608Metric_Pad1.05x0.95mm_HandSolder (layer F.Cu) (tedit 5B301BBE) (tstamp 5C0FD227)
    (at 156.45892 84.81568 270)
    (descr "Capacitor SMD 0603 (1608 Metric), square (rectangular) end terminal, IPC_7351 nominal with elongated pad for handsoldering. (Body size source: http://www.tortai-tech.com/upload/download/2011102023233369053.pdf), generated with kicad-footprint-generator")
    (tags "capacitor handsolder")
    (path /5C1EAA2C)
    (attr smd)
    (fp_text reference C7 (at 0 -1.43 270) (layer F.SilkS)
      (effects (font (size 1 1) (thickness 0.15)))
    )
    (fp_text value 10nF (at 0 1.43 270) (layer F.Fab)
      (effects (font (size 1 1) (thickness 0.15)))
    )
    (fp_line (start -0.8 0.4) (end -0.8 -0.4) (layer F.Fab) (width 0.1))
    (fp_line (start -0.8 -0.4) (end 0.8 -0.4) (layer F.Fab) (width 0.1))
    (fp_line (start 0.8 -0.4) (end 0.8 0.4) (layer F.Fab) (width 0.1))
    (fp_line (start 0.8 0.4) (end -0.8 0.4) (layer F.Fab) (width 0.1))
    (fp_line (start -0.171267 -0.51) (end 0.171267 -0.51) (layer F.SilkS) (width 0.12))
    (fp_line (start -0.171267 0.51) (end 0.171267 0.51) (layer F.SilkS) (width 0.12))
    (fp_line (start -1.65 0.73) (end -1.65 -0.73) (layer F.CrtYd) (width 0.05))
    (fp_line (start -1.65 -0.73) (end 1.65 -0.73) (layer F.CrtYd) (width 0.05))
    (fp_line (start 1.65 -0.73) (end 1.65 0.73) (layer F.CrtYd) (width 0.05))
    (fp_line (start 1.65 0.73) (end -1.65 0.73) (layer F.CrtYd) (width 0.05))
    (fp_text user %R (at 0 0 270) (layer F.Fab)
      (effects (font (size 0.4 0.4) (thickness 0.06)))
    )
    (pad 1 smd roundrect (at -0.875 0 270) (size 1.05 0.95) (layers F.Cu F.Paste F.Mask) (roundrect_rratio 0.25)
      (net 5 "Net-(C7-Pad1)"))
    (pad 2 smd roundrect (at 0.875 0 270) (size 1.05 0.95) (layers F.Cu F.Paste F.Mask) (roundrect_rratio 0.25)
      (net 1 GND))
    (model ${KISYS3DMOD}/Capacitor_SMD.3dshapes/C_0603_1608Metric.wrl
      (at (xyz 0 0 0))
      (scale (xyz 1 1 1))
      (rotate (xyz 0 0 0))
    )
  )

  (module Capacitor_SMD:C_0603_1608Metric_Pad1.05x0.95mm_HandSolder (layer F.Cu) (tedit 5B301BBE) (tstamp 5C0FA547)
    (at 146.84248 84.79158 270)
    (descr "Capacitor SMD 0603 (1608 Metric), square (rectangular) end terminal, IPC_7351 nominal with elongated pad for handsoldering. (Body size source: http://www.tortai-tech.com/upload/download/2011102023233369053.pdf), generated with kicad-footprint-generator")
    (tags "capacitor handsolder")
    (path /5C0F36BC)
    (attr smd)
    (fp_text reference C8 (at 0 -1.43 270) (layer F.SilkS)
      (effects (font (size 1 1) (thickness 0.15)))
    )
    (fp_text value 0.1uF (at 0 1.43 270) (layer F.Fab)
      (effects (font (size 1 1) (thickness 0.15)))
    )
    (fp_text user %R (at 0 0 270) (layer F.Fab)
      (effects (font (size 0.4 0.4) (thickness 0.06)))
    )
    (fp_line (start 1.65 0.73) (end -1.65 0.73) (layer F.CrtYd) (width 0.05))
    (fp_line (start 1.65 -0.73) (end 1.65 0.73) (layer F.CrtYd) (width 0.05))
    (fp_line (start -1.65 -0.73) (end 1.65 -0.73) (layer F.CrtYd) (width 0.05))
    (fp_line (start -1.65 0.73) (end -1.65 -0.73) (layer F.CrtYd) (width 0.05))
    (fp_line (start -0.171267 0.51) (end 0.171267 0.51) (layer F.SilkS) (width 0.12))
    (fp_line (start -0.171267 -0.51) (end 0.171267 -0.51) (layer F.SilkS) (width 0.12))
    (fp_line (start 0.8 0.4) (end -0.8 0.4) (layer F.Fab) (width 0.1))
    (fp_line (start 0.8 -0.4) (end 0.8 0.4) (layer F.Fab) (width 0.1))
    (fp_line (start -0.8 -0.4) (end 0.8 -0.4) (layer F.Fab) (width 0.1))
    (fp_line (start -0.8 0.4) (end -0.8 -0.4) (layer F.Fab) (width 0.1))
    (pad 2 smd roundrect (at 0.875 0 270) (size 1.05 0.95) (layers F.Cu F.Paste F.Mask) (roundrect_rratio 0.25)
      (net 1 GND))
    (pad 1 smd roundrect (at -0.875 0 270) (size 1.05 0.95) (layers F.Cu F.Paste F.Mask) (roundrect_rratio 0.25)
      (net 2 +3V3))
    (model ${KISYS3DMOD}/Capacitor_SMD.3dshapes/C_0603_1608Metric.wrl
      (at (xyz 0 0 0))
      (scale (xyz 1 1 1))
      (rotate (xyz 0 0 0))
    )
  )

  (module Capacitor_SMD:C_0603_1608Metric_Pad1.05x0.95mm_HandSolder (layer F.Cu) (tedit 5B301BBE) (tstamp 5C0FA558)
    (at 155.90774 77.97546 90)
    (descr "Capacitor SMD 0603 (1608 Metric), square (rectangular) end terminal, IPC_7351 nominal with elongated pad for handsoldering. (Body size source: http://www.tortai-tech.com/upload/download/2011102023233369053.pdf), generated with kicad-footprint-generator")
    (tags "capacitor handsolder")
    (path /5C0F3708)
    (attr smd)
    (fp_text reference C9 (at 0 -1.43 90) (layer F.SilkS)
      (effects (font (size 1 1) (thickness 0.15)))
    )
    (fp_text value 0.1uF (at 0 1.43 90) (layer F.Fab)
      (effects (font (size 1 1) (thickness 0.15)))
    )
    (fp_line (start -0.8 0.4) (end -0.8 -0.4) (layer F.Fab) (width 0.1))
    (fp_line (start -0.8 -0.4) (end 0.8 -0.4) (layer F.Fab) (width 0.1))
    (fp_line (start 0.8 -0.4) (end 0.8 0.4) (layer F.Fab) (width 0.1))
    (fp_line (start 0.8 0.4) (end -0.8 0.4) (layer F.Fab) (width 0.1))
    (fp_line (start -0.171267 -0.51) (end 0.171267 -0.51) (layer F.SilkS) (width 0.12))
    (fp_line (start -0.171267 0.51) (end 0.171267 0.51) (layer F.SilkS) (width 0.12))
    (fp_line (start -1.65 0.73) (end -1.65 -0.73) (layer F.CrtYd) (width 0.05))
    (fp_line (start -1.65 -0.73) (end 1.65 -0.73) (layer F.CrtYd) (width 0.05))
    (fp_line (start 1.65 -0.73) (end 1.65 0.73) (layer F.CrtYd) (width 0.05))
    (fp_line (start 1.65 0.73) (end -1.65 0.73) (layer F.CrtYd) (width 0.05))
    (fp_text user %R (at 0 0 90) (layer F.Fab)
      (effects (font (size 0.4 0.4) (thickness 0.06)))
    )
    (pad 1 smd roundrect (at -0.875 0 90) (size 1.05 0.95) (layers F.Cu F.Paste F.Mask) (roundrect_rratio 0.25)
      (net 2 +3V3))
    (pad 2 smd roundrect (at 0.875 0 90) (size 1.05 0.95) (layers F.Cu F.Paste F.Mask) (roundrect_rratio 0.25)
      (net 1 GND))
    (model ${KISYS3DMOD}/Capacitor_SMD.3dshapes/C_0603_1608Metric.wrl
      (at (xyz 0 0 0))
      (scale (xyz 1 1 1))
      (rotate (xyz 0 0 0))
    )
  )

  (module Capacitor_SMD:C_0603_1608Metric_Pad1.05x0.95mm_HandSolder (layer F.Cu) (tedit 5B301BBE) (tstamp 5C0FEDD0)
    (at 147.2946 74.2315 180)
    (descr "Capacitor SMD 0603 (1608 Metric), square (rectangular) end terminal, IPC_7351 nominal with elongated pad for handsoldering. (Body size source: http://www.tortai-tech.com/upload/download/2011102023233369053.pdf), generated with kicad-footprint-generator")
    (tags "capacitor handsolder")
    (path /5C0F372E)
    (attr smd)
    (fp_text reference C10 (at 0 -1.43 180) (layer F.SilkS)
      (effects (font (size 1 1) (thickness 0.15)))
    )
    (fp_text value 0.1uF (at 0 1.43 180) (layer F.Fab)
      (effects (font (size 1 1) (thickness 0.15)))
    )
    (fp_line (start -0.8 0.4) (end -0.8 -0.4) (layer F.Fab) (width 0.1))
    (fp_line (start -0.8 -0.4) (end 0.8 -0.4) (layer F.Fab) (width 0.1))
    (fp_line (start 0.8 -0.4) (end 0.8 0.4) (layer F.Fab) (width 0.1))
    (fp_line (start 0.8 0.4) (end -0.8 0.4) (layer F.Fab) (width 0.1))
    (fp_line (start -0.171267 -0.51) (end 0.171267 -0.51) (layer F.SilkS) (width 0.12))
    (fp_line (start -0.171267 0.51) (end 0.171267 0.51) (layer F.SilkS) (width 0.12))
    (fp_line (start -1.65 0.73) (end -1.65 -0.73) (layer F.CrtYd) (width 0.05))
    (fp_line (start -1.65 -0.73) (end 1.65 -0.73) (layer F.CrtYd) (width 0.05))
    (fp_line (start 1.65 -0.73) (end 1.65 0.73) (layer F.CrtYd) (width 0.05))
    (fp_line (start 1.65 0.73) (end -1.65 0.73) (layer F.CrtYd) (width 0.05))
    (fp_text user %R (at 0 0 180) (layer F.Fab)
      (effects (font (size 0.4 0.4) (thickness 0.06)))
    )
    (pad 1 smd roundrect (at -0.875 0 180) (size 1.05 0.95) (layers F.Cu F.Paste F.Mask) (roundrect_rratio 0.25)
      (net 2 +3V3))
    (pad 2 smd roundrect (at 0.875 0 180) (size 1.05 0.95) (layers F.Cu F.Paste F.Mask) (roundrect_rratio 0.25)
      (net 1 GND))
    (model ${KISYS3DMOD}/Capacitor_SMD.3dshapes/C_0603_1608Metric.wrl
      (at (xyz 0 0 0))
      (scale (xyz 1 1 1))
      (rotate (xyz 0 0 0))
    )
  )

  (module Capacitor_SMD:C_0603_1608Metric_Pad1.05x0.95mm_HandSolder (layer F.Cu) (tedit 5B301BBE) (tstamp 5C0FA57A)
    (at 154.45994 85.69198 90)
    (descr "Capacitor SMD 0603 (1608 Metric), square (rectangular) end terminal, IPC_7351 nominal with elongated pad for handsoldering. (Body size source: http://www.tortai-tech.com/upload/download/2011102023233369053.pdf), generated with kicad-footprint-generator")
    (tags "capacitor handsolder")
    (path /5C11659D)
    (attr smd)
    (fp_text reference C11 (at 0 -1.43 90) (layer F.SilkS)
      (effects (font (size 1 1) (thickness 0.15)))
    )
    (fp_text value 0.1uF (at 0 1.43 90) (layer F.Fab)
      (effects (font (size 1 1) (thickness 0.15)))
    )
    (fp_text user %R (at 0 0 90) (layer F.Fab)
      (effects (font (size 0.4 0.4) (thickness 0.06)))
    )
    (fp_line (start 1.65 0.73) (end -1.65 0.73) (layer F.CrtYd) (width 0.05))
    (fp_line (start 1.65 -0.73) (end 1.65 0.73) (layer F.CrtYd) (width 0.05))
    (fp_line (start -1.65 -0.73) (end 1.65 -0.73) (layer F.CrtYd) (width 0.05))
    (fp_line (start -1.65 0.73) (end -1.65 -0.73) (layer F.CrtYd) (width 0.05))
    (fp_line (start -0.171267 0.51) (end 0.171267 0.51) (layer F.SilkS) (width 0.12))
    (fp_line (start -0.171267 -0.51) (end 0.171267 -0.51) (layer F.SilkS) (width 0.12))
    (fp_line (start 0.8 0.4) (end -0.8 0.4) (layer F.Fab) (width 0.1))
    (fp_line (start 0.8 -0.4) (end 0.8 0.4) (layer F.Fab) (width 0.1))
    (fp_line (start -0.8 -0.4) (end 0.8 -0.4) (layer F.Fab) (width 0.1))
    (fp_line (start -0.8 0.4) (end -0.8 -0.4) (layer F.Fab) (width 0.1))
    (pad 2 smd roundrect (at 0.875 0 90) (size 1.05 0.95) (layers F.Cu F.Paste F.Mask) (roundrect_rratio 0.25)
      (net 3 +1V8))
    (pad 1 smd roundrect (at -0.875 0 90) (size 1.05 0.95) (layers F.Cu F.Paste F.Mask) (roundrect_rratio 0.25)
      (net 1 GND))
    (model ${KISYS3DMOD}/Capacitor_SMD.3dshapes/C_0603_1608Metric.wrl
      (at (xyz 0 0 0))
      (scale (xyz 1 1 1))
      (rotate (xyz 0 0 0))
    )
  )

  (module Capacitor_SMD:C_0603_1608Metric_Pad1.05x0.95mm_HandSolder (layer F.Cu) (tedit 5B301BBE) (tstamp 5C0FC2BA)
    (at 145.30324 80.93964 270)
    (descr "Capacitor SMD 0603 (1608 Metric), square (rectangular) end terminal, IPC_7351 nominal with elongated pad for handsoldering. (Body size source: http://www.tortai-tech.com/upload/download/2011102023233369053.pdf), generated with kicad-footprint-generator")
    (tags "capacitor handsolder")
    (path /5C16ACAB)
    (attr smd)
    (fp_text reference C12 (at 0 -1.43 270) (layer F.SilkS)
      (effects (font (size 1 1) (thickness 0.15)))
    )
    (fp_text value 0.1uF (at 0 1.43 270) (layer F.Fab)
      (effects (font (size 1 1) (thickness 0.15)))
    )
    (fp_line (start -0.8 0.4) (end -0.8 -0.4) (layer F.Fab) (width 0.1))
    (fp_line (start -0.8 -0.4) (end 0.8 -0.4) (layer F.Fab) (width 0.1))
    (fp_line (start 0.8 -0.4) (end 0.8 0.4) (layer F.Fab) (width 0.1))
    (fp_line (start 0.8 0.4) (end -0.8 0.4) (layer F.Fab) (width 0.1))
    (fp_line (start -0.171267 -0.51) (end 0.171267 -0.51) (layer F.SilkS) (width 0.12))
    (fp_line (start -0.171267 0.51) (end 0.171267 0.51) (layer F.SilkS) (width 0.12))
    (fp_line (start -1.65 0.73) (end -1.65 -0.73) (layer F.CrtYd) (width 0.05))
    (fp_line (start -1.65 -0.73) (end 1.65 -0.73) (layer F.CrtYd) (width 0.05))
    (fp_line (start 1.65 -0.73) (end 1.65 0.73) (layer F.CrtYd) (width 0.05))
    (fp_line (start 1.65 0.73) (end -1.65 0.73) (layer F.CrtYd) (width 0.05))
    (fp_text user %R (at 0 0 270) (layer F.Fab)
      (effects (font (size 0.4 0.4) (thickness 0.06)))
    )
    (pad 1 smd roundrect (at -0.875 0 270) (size 1.05 0.95) (layers F.Cu F.Paste F.Mask) (roundrect_rratio 0.25)
      (net 6 "Net-(C12-Pad1)"))
    (pad 2 smd roundrect (at 0.875 0 270) (size 1.05 0.95) (layers F.Cu F.Paste F.Mask) (roundrect_rratio 0.25)
      (net 7 PLL_AVSS))
    (model ${KISYS3DMOD}/Capacitor_SMD.3dshapes/C_0603_1608Metric.wrl
      (at (xyz 0 0 0))
      (scale (xyz 1 1 1))
      (rotate (xyz 0 0 0))
    )
  )

  (module Capacitor_SMD:C_0603_1608Metric_Pad1.05x0.95mm_HandSolder (layer F.Cu) (tedit 5B301BBE) (tstamp 5C0FA59C)
    (at 143.79702 80.93964 270)
    (descr "Capacitor SMD 0603 (1608 Metric), square (rectangular) end terminal, IPC_7351 nominal with elongated pad for handsoldering. (Body size source: http://www.tortai-tech.com/upload/download/2011102023233369053.pdf), generated with kicad-footprint-generator")
    (tags "capacitor handsolder")
    (path /5C157A77)
    (attr smd)
    (fp_text reference C13 (at 0 -1.43 270) (layer F.SilkS)
      (effects (font (size 1 1) (thickness 0.15)))
    )
    (fp_text value 0.1uF (at 0 1.43 270) (layer F.Fab)
      (effects (font (size 1 1) (thickness 0.15)))
    )
    (fp_text user %R (at 0 0 270) (layer F.Fab)
      (effects (font (size 0.4 0.4) (thickness 0.06)))
    )
    (fp_line (start 1.65 0.73) (end -1.65 0.73) (layer F.CrtYd) (width 0.05))
    (fp_line (start 1.65 -0.73) (end 1.65 0.73) (layer F.CrtYd) (width 0.05))
    (fp_line (start -1.65 -0.73) (end 1.65 -0.73) (layer F.CrtYd) (width 0.05))
    (fp_line (start -1.65 0.73) (end -1.65 -0.73) (layer F.CrtYd) (width 0.05))
    (fp_line (start -0.171267 0.51) (end 0.171267 0.51) (layer F.SilkS) (width 0.12))
    (fp_line (start -0.171267 -0.51) (end 0.171267 -0.51) (layer F.SilkS) (width 0.12))
    (fp_line (start 0.8 0.4) (end -0.8 0.4) (layer F.Fab) (width 0.1))
    (fp_line (start 0.8 -0.4) (end 0.8 0.4) (layer F.Fab) (width 0.1))
    (fp_line (start -0.8 -0.4) (end 0.8 -0.4) (layer F.Fab) (width 0.1))
    (fp_line (start -0.8 0.4) (end -0.8 -0.4) (layer F.Fab) (width 0.1))
    (pad 2 smd roundrect (at 0.875 0 270) (size 1.05 0.95) (layers F.Cu F.Paste F.Mask) (roundrect_rratio 0.25)
      (net 7 PLL_AVSS))
    (pad 1 smd roundrect (at -0.875 0 270) (size 1.05 0.95) (layers F.Cu F.Paste F.Mask) (roundrect_rratio 0.25)
      (net 6 "Net-(C12-Pad1)"))
    (model ${KISYS3DMOD}/Capacitor_SMD.3dshapes/C_0603_1608Metric.wrl
      (at (xyz 0 0 0))
      (scale (xyz 1 1 1))
      (rotate (xyz 0 0 0))
    )
  )

  (module CW308T_CONNBOARD (layer F.Cu) (tedit 200000) (tstamp 5C0FA5F3)
    (at 121.678701 67.0306)
    (path /5C02CEF7)
    (attr virtual)
    (fp_text reference J1 (at 0 -2.54) (layer F.SilkS)
      (effects (font (size 1.27 1.27) (thickness 0.1016)))
    )
    (fp_text value CW308T_CONNBOARD (at 40.005 50.165) (layer F.SilkS)
      (effects (font (size 1.27 1.27) (thickness 0.1016)))
    )
    (fp_line (start -1.905 -1.27) (end 1.905 -1.27) (layer F.SilkS) (width 0.127))
    (fp_line (start 1.905 -1.27) (end 1.905 1.27) (layer F.SilkS) (width 0.127))
    (fp_line (start 1.905 1.27) (end 1.905 51.435) (layer F.SilkS) (width 0.127))
    (fp_line (start 1.905 51.435) (end 46.355 51.435) (layer F.SilkS) (width 0.127))
    (fp_line (start 46.355 51.435) (end 46.355 1.27) (layer F.SilkS) (width 0.127))
    (fp_line (start 46.355 1.27) (end 46.355 -1.27) (layer F.SilkS) (width 0.127))
    (fp_line (start 46.355 -1.27) (end 50.165 -1.27) (layer F.SilkS) (width 0.127))
    (fp_line (start 50.165 -1.27) (end 50.165 1.27) (layer F.SilkS) (width 0.127))
    (fp_line (start 50.165 1.27) (end 50.165 55.245) (layer F.SilkS) (width 0.127))
    (fp_line (start 50.165 55.245) (end 1.27 55.245) (layer F.SilkS) (width 0.127))
    (fp_line (start 1.27 55.245) (end -1.27 55.245) (layer F.SilkS) (width 0.127))
    (fp_line (start -1.27 55.245) (end -1.905 55.245) (layer F.SilkS) (width 0.127))
    (fp_line (start -1.905 55.245) (end -1.905 1.27) (layer F.SilkS) (width 0.127))
    (fp_line (start -1.905 1.27) (end -1.905 -1.27) (layer F.SilkS) (width 0.127))
    (fp_line (start -1.905 1.27) (end 1.905 1.27) (layer F.SilkS) (width 0.127))
    (fp_line (start 1.27 55.245) (end 1.27 51.435) (layer F.SilkS) (width 0.127))
    (fp_line (start 1.27 51.435) (end -1.27 51.435) (layer F.SilkS) (width 0.127))
    (fp_line (start -1.27 51.435) (end -1.27 55.245) (layer F.SilkS) (width 0.127))
    (fp_line (start 1.27 51.435) (end 1.905 51.435) (layer F.SilkS) (width 0.127))
    (fp_line (start 46.355 1.27) (end 50.165 1.27) (layer F.SilkS) (width 0.127))
    (pad A1 thru_hole oval (at 0 0 90) (size 1.4986 2.9972) (drill 0.9906) (layers *.Cu *.Paste *.Mask)
      (net 8 "Net-(J1-PadA1)"))
    (pad A2 thru_hole oval (at 0 2.54 90) (size 1.4986 2.9972) (drill 0.9906) (layers *.Cu *.Paste *.Mask)
      (net 1 GND))
    (pad A3 thru_hole oval (at 0 5.08 90) (size 1.4986 2.9972) (drill 0.9906) (layers *.Cu *.Paste *.Mask)
      (net 9 CLKIN))
    (pad A4 thru_hole oval (at 0 7.62 90) (size 1.4986 2.9972) (drill 0.9906) (layers *.Cu *.Paste *.Mask)
      (net 1 GND))
    (pad A5 thru_hole oval (at 0 10.16 90) (size 1.4986 2.9972) (drill 0.9906) (layers *.Cu *.Paste *.Mask)
      (net 10 CLKOUT))
    (pad A6 thru_hole oval (at 0 12.7 90) (size 1.4986 2.9972) (drill 0.9906) (layers *.Cu *.Paste *.Mask)
      (net 1 GND))
    (pad A7 thru_hole oval (at 0 15.24 90) (size 1.4986 2.9972) (drill 0.9906) (layers *.Cu *.Paste *.Mask)
      (net 11 GPIO1))
    (pad A8 thru_hole oval (at 0 17.78 90) (size 1.4986 2.9972) (drill 0.9906) (layers *.Cu *.Paste *.Mask)
      (net 12 GPIO2))
    (pad A9 thru_hole oval (at 0 20.32 90) (size 1.4986 2.9972) (drill 0.9906) (layers *.Cu *.Paste *.Mask)
      (net 13 GPIO3))
    (pad A10 thru_hole oval (at 0 22.86 90) (size 1.4986 2.9972) (drill 0.9906) (layers *.Cu *.Paste *.Mask)
      (net 14 GPIO4))
    (pad A11 thru_hole oval (at 0 25.4 90) (size 1.4986 2.9972) (drill 0.9906) (layers *.Cu *.Paste *.Mask)
      (net 15 UFO.RST))
    (pad A12 thru_hole oval (at 0 27.94 90) (size 1.4986 2.9972) (drill 0.9906) (layers *.Cu *.Paste *.Mask)
      (net 16 "Net-(J1-PadA12)"))
    (pad A13 thru_hole oval (at 0 30.48 90) (size 1.4986 2.9972) (drill 0.9906) (layers *.Cu *.Paste *.Mask)
      (net 17 "Net-(J1-PadA13)"))
    (pad A14 thru_hole oval (at 0 33.02 90) (size 1.4986 2.9972) (drill 0.9906) (layers *.Cu *.Paste *.Mask)
      (net 18 "Net-(J1-PadA14)"))
    (pad A15 thru_hole oval (at 0 35.56 90) (size 1.4986 2.9972) (drill 0.9906) (layers *.Cu *.Paste *.Mask)
      (net 1 GND))
    (pad A16 thru_hole oval (at 0 38.1 90) (size 1.4986 2.9972) (drill 0.9906) (layers *.Cu *.Paste *.Mask)
      (net 1 GND))
    (pad A17 thru_hole oval (at 0 40.64 90) (size 1.4986 2.9972) (drill 0.9906) (layers *.Cu *.Paste *.Mask)
      (net 19 "Net-(J1-PadA17)"))
    (pad A18 thru_hole oval (at 0 43.18 90) (size 1.4986 2.9972) (drill 0.9906) (layers *.Cu *.Paste *.Mask)
      (net 20 "Net-(J1-PadA18)"))
    (pad A19 thru_hole oval (at 0 45.72 90) (size 1.4986 2.9972) (drill 0.9906) (layers *.Cu *.Paste *.Mask)
      (net 21 "Net-(J1-PadA19)"))
    (pad A20 thru_hole oval (at 0 48.26 90) (size 1.4986 2.9972) (drill 0.9906) (layers *.Cu *.Paste *.Mask)
      (net 22 "Net-(J1-PadA20)"))
    (pad B1 thru_hole oval (at 0 53.34 180) (size 1.4986 2.9972) (drill 0.9906) (layers *.Cu *.Paste *.Mask)
      (net 1 GND))
    (pad B2 thru_hole oval (at 2.54 53.34 180) (size 1.4986 2.9972) (drill 0.9906) (layers *.Cu *.Paste *.Mask)
      (net 23 JTAG_TRST))
    (pad B3 thru_hole oval (at 5.08 53.34 180) (size 1.4986 2.9972) (drill 0.9906) (layers *.Cu *.Paste *.Mask)
      (net 24 JTAG_TDI))
    (pad B4 thru_hole oval (at 7.62 53.34 180) (size 1.4986 2.9972) (drill 0.9906) (layers *.Cu *.Paste *.Mask)
      (net 25 JTAG_TDO))
    (pad B5 thru_hole oval (at 10.16 53.34 180) (size 1.4986 2.9972) (drill 0.9906) (layers *.Cu *.Paste *.Mask)
      (net 26 JTAG_TMS))
    (pad B6 thru_hole oval (at 12.7 53.34 180) (size 1.4986 2.9972) (drill 0.9906) (layers *.Cu *.Paste *.Mask)
      (net 27 JTAG_TCK))
    (pad B7 thru_hole oval (at 15.24 53.34 180) (size 1.4986 2.9972) (drill 0.9906) (layers *.Cu *.Paste *.Mask)
      (net 28 "Net-(J1-PadB7)"))
    (pad B8 thru_hole oval (at 17.78 53.34 180) (size 1.4986 2.9972) (drill 0.9906) (layers *.Cu *.Paste *.Mask)
      (net 29 "Net-(J1-PadB8)"))
    (pad B9 thru_hole oval (at 20.32 53.34 180) (size 1.4986 2.9972) (drill 0.9906) (layers *.Cu *.Paste *.Mask)
      (net 1 GND))
    (pad B10 thru_hole oval (at 22.86 53.34 180) (size 1.4986 2.9972) (drill 0.9906) (layers *.Cu *.Paste *.Mask)
      (net 1 GND))
    (pad B11 thru_hole oval (at 25.4 53.34 180) (size 1.4986 2.9972) (drill 0.9906) (layers *.Cu *.Paste *.Mask)
      (net 30 "Net-(J1-PadB11)"))
    (pad B12 thru_hole oval (at 27.94 53.34 180) (size 1.4986 2.9972) (drill 0.9906) (layers *.Cu *.Paste *.Mask)
      (net 31 "Net-(J1-PadB12)"))
    (pad B13 thru_hole oval (at 30.48 53.34 180) (size 1.4986 2.9972) (drill 0.9906) (layers *.Cu *.Paste *.Mask)
      (net 32 "Net-(J1-PadB13)"))
    (pad B14 thru_hole oval (at 33.02 53.34 180) (size 1.4986 2.9972) (drill 0.9906) (layers *.Cu *.Paste *.Mask)
      (net 33 "Net-(J1-PadB14)"))
    (pad B15 thru_hole oval (at 35.56 53.34 180) (size 1.4986 2.9972) (drill 0.9906) (layers *.Cu *.Paste *.Mask)
      (net 34 "Net-(J1-PadB15)"))
    (pad B16 thru_hole oval (at 38.1 53.34 180) (size 1.4986 2.9972) (drill 0.9906) (layers *.Cu *.Paste *.Mask)
      (net 35 "Net-(J1-PadB16)"))
    (pad B17 thru_hole oval (at 40.64 53.34 180) (size 1.4986 2.9972) (drill 0.9906) (layers *.Cu *.Paste *.Mask)
      (net 36 "Net-(J1-PadB17)"))
    (pad B18 thru_hole oval (at 43.18 53.34 180) (size 1.4986 2.9972) (drill 0.9906) (layers *.Cu *.Paste *.Mask)
      (net 37 "Net-(J1-PadB18)"))
    (pad B19 thru_hole oval (at 45.72 53.34 180) (size 1.4986 2.9972) (drill 0.9906) (layers *.Cu *.Paste *.Mask)
      (net 38 "Net-(J1-PadB19)"))
    (pad B20 thru_hole oval (at 48.26 53.34 180) (size 1.4986 2.9972) (drill 0.9906) (layers *.Cu *.Paste *.Mask)
      (net 39 "Net-(J1-PadB20)"))
    (pad C1 thru_hole oval (at 48.26 0 90) (size 1.4986 2.9972) (drill 0.9906) (layers *.Cu *.Paste *.Mask)
      (net 1 GND))
    (pad C2 thru_hole oval (at 48.26 2.54 90) (size 1.4986 2.9972) (drill 0.9906) (layers *.Cu *.Paste *.Mask)
      (net 40 VCC_CLEAN))
    (pad C3 thru_hole oval (at 48.26 5.08 90) (size 1.4986 2.9972) (drill 0.9906) (layers *.Cu *.Paste *.Mask)
      (net 4 "Net-(C6-Pad2)"))
    (pad C4 thru_hole oval (at 48.26 7.62 90) (size 1.4986 2.9972) (drill 0.9906) (layers *.Cu *.Paste *.Mask)
      (net 1 GND))
    (pad C5 thru_hole oval (at 48.26 10.16 90) (size 1.4986 2.9972) (drill 0.9906) (layers *.Cu *.Paste *.Mask)
      (net 4 "Net-(C6-Pad2)"))
    (pad C6 thru_hole oval (at 48.26 12.7 90) (size 1.4986 2.9972) (drill 0.9906) (layers *.Cu *.Paste *.Mask)
      (net 41 "Net-(J1-PadC6)"))
    (pad C7 thru_hole oval (at 48.26 15.24 90) (size 1.4986 2.9972) (drill 0.9906) (layers *.Cu *.Paste *.Mask)
      (net 1 GND))
    (pad C8 thru_hole oval (at 48.26 17.78 90) (size 1.4986 2.9972) (drill 0.9906) (layers *.Cu *.Paste *.Mask)
      (net 3 +1V8))
    (pad C9 thru_hole oval (at 48.26 20.32 90) (size 1.4986 2.9972) (drill 0.9906) (layers *.Cu *.Paste *.Mask)
      (net 1 GND))
    (pad C10 thru_hole oval (at 48.26 22.86 90) (size 1.4986 2.9972) (drill 0.9906) (layers *.Cu *.Paste *.Mask)
      (net 1 GND))
    (pad C11 thru_hole oval (at 48.26 25.4 90) (size 1.4986 2.9972) (drill 0.9906) (layers *.Cu *.Paste *.Mask)
      (net 42 "Net-(J1-PadC11)"))
    (pad C12 thru_hole oval (at 48.26 27.94 90) (size 1.4986 2.9972) (drill 0.9906) (layers *.Cu *.Paste *.Mask)
      (net 3 +1V8))
    (pad C13 thru_hole oval (at 48.26 30.48 90) (size 1.4986 2.9972) (drill 0.9906) (layers *.Cu *.Paste *.Mask)
      (net 43 "Net-(J1-PadC13)"))
    (pad C14 thru_hole oval (at 48.26 33.02 90) (size 1.4986 2.9972) (drill 0.9906) (layers *.Cu *.Paste *.Mask)
      (net 2 +3V3))
    (pad C15 thru_hole oval (at 48.26 35.56 90) (size 1.4986 2.9972) (drill 0.9906) (layers *.Cu *.Paste *.Mask)
      (net 44 "Net-(J1-PadC15)"))
    (pad C16 thru_hole oval (at 48.26 38.1 90) (size 1.4986 2.9972) (drill 0.9906) (layers *.Cu *.Paste *.Mask)
      (net 1 GND))
    (pad C17 thru_hole oval (at 48.26 40.64 90) (size 1.4986 2.9972) (drill 0.9906) (layers *.Cu *.Paste *.Mask)
      (net 1 GND))
    (pad C18 thru_hole oval (at 48.26 43.18 90) (size 1.4986 2.9972) (drill 0.9906) (layers *.Cu *.Paste *.Mask)
      (net 45 LED1))
    (pad C19 thru_hole oval (at 48.26 45.72 90) (size 1.4986 2.9972) (drill 0.9906) (layers *.Cu *.Paste *.Mask)
      (net 46 LED2))
    (pad C20 thru_hole oval (at 48.26 48.26 90) (size 1.4986 2.9972) (drill 0.9906) (layers *.Cu *.Paste *.Mask)
      (net 46 LED2))
    (pad MH1 thru_hole circle (at 5.08 -5.08 90) (size 6.35 6.35) (drill 3.4036) (layers *.Cu *.Paste *.Mask))
    (pad MH2 thru_hole circle (at 43.18 -5.08 90) (size 6.35 6.35) (drill 3.4036) (layers *.Cu *.Paste *.Mask))
    (pad MH3 thru_hole circle (at 22.86 45.72 90) (size 6.35 6.35) (drill 3.4036) (layers *.Cu *.Paste *.Mask))
  )

  (module Resistor_SMD:R_0603_1608Metric_Pad1.05x0.95mm_HandSolder (layer F.Cu) (tedit 5B301BBD) (tstamp 5C0FA604)
    (at 161.2138 70.4596 270)
    (descr "Resistor SMD 0603 (1608 Metric), square (rectangular) end terminal, IPC_7351 nominal with elongated pad for handsoldering. (Body size source: http://www.tortai-tech.com/upload/download/2011102023233369053.pdf), generated with kicad-footprint-generator")
    (tags "resistor handsolder")
    (path /5C079A63)
    (attr smd)
    (fp_text reference R1 (at 0 -1.43 270) (layer F.SilkS)
      (effects (font (size 1 1) (thickness 0.15)))
    )
    (fp_text value 51R (at 0 1.43 270) (layer F.Fab)
      (effects (font (size 1 1) (thickness 0.15)))
    )
    (fp_line (start -0.8 0.4) (end -0.8 -0.4) (layer F.Fab) (width 0.1))
    (fp_line (start -0.8 -0.4) (end 0.8 -0.4) (layer F.Fab) (width 0.1))
    (fp_line (start 0.8 -0.4) (end 0.8 0.4) (layer F.Fab) (width 0.1))
    (fp_line (start 0.8 0.4) (end -0.8 0.4) (layer F.Fab) (width 0.1))
